1920 2
51 76
51 90
51 139
51 67
51 76
51 122
51 120
51 78
51 70
51 107
51 115
51 76
51 77
51 121
51 90
51 65
51 72
51 88
51 85
51 89
51 75
51 97
51 93
51 81
51 73
51 68
51 63
51 106
51 74
51 66
51 65
51 94
51 87
51 68
51 66
51 91
51 65
51 73
51 73
51 65
51 64
51 74
51 73
51 67
51 65
51 71
51 73
51 74
51 76
51 92
51 96
51 68
51 68
51 98
51 99
51 70
51 68
51 77
51 81
51 79
51 108
51 73
51 74
51 117
51 94
51 79
51 73
51 88
51 92
51 80
51 73
51 98
51 109
51 72
51 68
51 118
51 89
51 74
51 67
51 118
51 95
51 78
51 70
51 127
51 88
51 72
51 76
51 94
51 87
51 88
51 73
51 86
51 93
51 77
51 74
51 90
51 61
51 82
51 79
51 64
51 62
51 86
51 65
51 72
51 72
51 80
51 68
51 65
51 92
51 74
51 71
51 99
51 96
51 81
51 81
51 106
51 109
51 79
51 79
51 115
51 90
51 64
51 72
51 104
51 82
51 64
51 66
51 98
51 78
51 65
51 68
51 88
51 62
51 70
51 75
51 63
51 62
51 84
51 72
51 63
51 70
51 78
51 86
51 62
51 81
51 66
51 62
51 80
51 78
51 64
51 63
51 82
51 76
51 69
51 62
51 72
51 82
51 71
51 74
51 93
51 68
51 78
51 73
51 91
51 76
51 74
51 70
51 87
51 98
51 64
51 64
51 100
51 88
51 64
51 67
51 89
51 80
51 73
51 66
51 93
51 72
51 72
51 65
51 86
51 80
51 66
51 66
51 91
51 77
51 64
51 64
51 71
51 72
51 81
51 82
51 63
51 64
51 92
51 89
51 64
51 67
51 83
51 79
51 63
51 78
51 70
51 69
51 106
51 70
51 82
51 78
51 104
51 93
51 71
51 80
51 95
51 68
51 99
51 101
51 68
51 77
51 90
51 90
51 76
51 66
51 82
51 82
51 70
51 76
51 67
51 70
51 108
51 90
51 68
51 69
51 88
51 94
51 69
51 70
51 89
51 67
51 88
51 95
51 69
51 70
51 87
51 84
51 68
51 71
51 86
51 86
51 69
51 65
51 84
51 78
51 64
51 77
51 78
51 78
51 70
51 62
51 82
51 78
51 66
51 88
51 97
51 91
51 74
51 82
51 89
51 77
51 73
51 75
51 96
51 69
51 73
51 68
51 64
51 64
51 84
51 68
51 63
51 63
51 82
51 80
51 66
51 65
51 82
51 64
51 90
51 114
51 79
51 75
51 87
51 112
51 66
51 71
51 82
51 77
51 74
51 66
51 90
51 102
51 72
51 70
51 91
51 65
51 70
51 63
51 91
51 83
51 68
51 77
51 105
51 83
51 76
51 72
51 87
51 93
51 80
51 79
51 91
51 100
51 84
51 70
51 63
51 63
51 81
51 83
51 61
51 63
51 82
51 81
51 66
51 64
51 79
51 71
51 104
51 73
51 71
51 71
51 117
51 106
51 81
51 84
51 112
51 76
51 70
51 79
51 64
51 66
51 83
51 87
51 80
51 67
51 69
51 70
51 66
51 67
51 78
51 71
51 70
51 65
51 76
51 65
51 65
51 65
51 96
51 64
51 66
51 66
51 74
51 65
51 81
51 87
51 69
51 73
51 93
51 86
51 74
51 78
51 90
51 91
51 70
51 79
51 73
51 65
51 91
51 82
51 66
51 65
51 98
51 80
51 74
51 68
51 94
51 67
51 116
51 104
51 87
51 68
51 98
51 94
51 76
51 77
51 87
51 95
51 83
51 72
51 100
51 107
51 80
51 76
51 99
51 83
51 77
51 77
51 104
51 94
51 78
51 104
51 75
51 82
51 98
51 80
51 82
51 76
51 95
51 86
51 76
51 64
51 107
51 91
51 85
51 77
51 106
51 95
51 77
51 83
51 115
51 110
51 74
51 74
51 117
51 64
51 91
51 78
51 66
51 70
51 77
51 82
51 66
51 64
51 74
51 72
51 66
51 84
51 66
51 69
51 113
51 67
51 81
51 72
51 104
51 100
51 71
51 70
51 101
51 64
51 92
51 81
51 65
51 66
51 82
51 81
51 67
51 67
51 81
51 82
51 60
51 89
51 66
51 83
51 104
51 91
51 81
51 75
51 103
51 91
51 75
51 74
51 102
51 81
51 71
51 67
51 91
51 87
51 66
51 67
51 95
51 76
51 65
51 64
51 83
51 71
51 81
51 76
51 66
51 63
51 80
51 82
51 73
51 63
51 80
51 83
51 67
51 77
51 82
51 67
51 95
51 74
51 68
51 76
51 96
51 82
51 71
51 68
51 94
51 93
51 67
51 82
51 112
51 88
51 74
51 89
51 117
51 95
51 69
51 78
51 117
51 90
51 72
51 73
51 79
51 82
51 66
51 70
51 90
51 73
51 67
51 71
51 68
51 72
51 66
51 66
51 81
51 81
51 67
51 63
51 80
51 79
51 65
51 68
51 83
51 66
51 85
51 98
51 76
51 74
51 88
51 88
51 74
51 75
51 85
51 78
51 74
51 65
51 82
51 69
51 65
51 60
51 72
51 72
51 65
51 64
51 70
51 71
51 73
51 68
51 70
51 69
51 71
51 66
51 79
51 69
51 69
51 69
51 73
51 69
51 80
51 104
51 73
51 87
51 104
51 90
51 77
51 75
51 95
51 93
51 71
51 72
51 94
51 105
51 83
51 79
51 106
51 108
51 66
51 85
51 130
51 124
51 93
51 75
51 113
51 93
51 78
51 79
51 95
51 110
51 77
51 74
51 101
51 87
51 73
51 79
51 92
51 72
51 112
51 82
51 82
51 77
51 85
51 97
51 80
51 79
51 85
51 81
51 73
51 63
51 78
51 64
51 66
51 63
51 69
51 72
51 67
51 66
51 68
51 76
51 67
51 70
51 95
51 104
51 76
51 85
51 110
51 98
51 74
51 80
51 93
51 89
51 92
51 63
51 83
51 76
51 62
51 64
51 67
51 69
51 63
51 63
51 68
51 68
51 71
51 97
51 73
51 82
51 133
51 101
51 67
51 81
51 111
51 82
51 75
51 71
51 117
51 66
51 91
51 101
51 67
51 73
51 89
51 80
51 67
51 65
51 77
51 90
51 68
51 86
51 72
51 78
51 98
51 82
51 81
51 75
51 101
51 109
51 74
51 76
51 112
51 73
51 81
51 65
51 85
51 82
51 86
51 68
51 81
51 82
51 79
51 63
51 73
51 65
51 84
51 80
51 67
51 66
51 83
51 83
51 68
51 66
51 81
51 73
51 66
51 64
51 90
51 79
51 87
51 71
51 86
51 75
51 70
51 67
51 72
51 74
51 68
51 72
51 63
51 67
51 84
51 84
51 68
51 66
51 91
51 71
51 74
51 64
51 89
51 80
51 66
51 69
51 85
51 98
51 67
51 68
51 90
51 71
51 70
51 68
51 69
51 70
51 107
51 92
51 72
51 73
51 106
51 118
51 76
51 80
51 115
51 108
51 70
51 69
51 93
51 94
51 77
51 78
51 93
51 95
51 77
51 76
51 78
51 76
51 73
51 79
51 119
51 102
51 85
51 87
51 120
51 128
51 77
51 79
51 112
51 120
51 93
51 87
51 74
51 79
51 94
51 99
51 69
51 70
51 107
51 80
51 88
51 87
51 99
51 63
51 98
51 90
51 66
51 65
51 92
51 79
51 66
51 70
51 86
51 92
51 64
51 70
51 115
51 97
51 74
51 73
51 108
51 101
51 82
51 69
51 102
51 106
51 72
51 71
51 61
51 63
51 83
51 73
51 64
51 61
51 74
51 78
51 65
51 60
51 83
51 94
51 68
51 83
51 105
51 81
51 80
51 92
51 118
51 103
51 77
51 73
51 114
51 80
51 97
51 97
51 77
51 74
51 105
51 93
51 72
51 71
51 111
51 94
51 71
51 64
51 86
51 70
51 70
51 69
51 75
51 75
51 72
51 62
51 72
51 70
51 73
51 65
51 72
51 83
51 64
51 63
51 92
51 80
51 66
51 62
51 84
51 66
51 68
51 67
51 105
51 128
51 81
51 67
51 110
51 119
51 79
51 65
51 96
51 119
51 65
51 68
51 96
51 94
51 75
51 73
51 93
51 106
51 76
51 73
51 87
51 95
51 76
51 72
51 66
51 66
51 106
51 74
51 67
51 67
51 87
51 67
51 70
51 69
51 91
51 77
51 80
51 79
51 136
51 91
51 84
51 84
51 137
51 113
51 73
51 87
51 150
51 66
51 107
51 90
51 76
51 88
51 104
51 109
51 76
51 80
51 115
51 103
51 76
51 76
51 69
51 65
51 99
51 70
51 69
51 69
51 87
51 71
51 69
51 66
51 95
51 116
51 82
51 82
51 126
51 80
51 93
51 86
51 103
51 111
51 109
51 82
51 102
51 71
51 83
51 72
51 92
51 88
51 65
51 67
51 75
51 81
51 68
51 66
51 88
51 63
51 81
51 82
51 66
51 72
51 83
51 84
51 76
51 74
51 85
51 83
51 66
51 62
51 82
51 87
51 75
51 64
51 86
51 80
51 67
51 64
51 87
51 103
51 65
51 79
51 65
51 71
51 132
51 96
51 66
51 68
51 107
51 68
51 68
51 67
51 92
51 66
51 133
51 113
51 87
51 80
51 131
51 135
51 80
51 69
51 110
51 130
51 73
51 64
51 88
51 80
51 64
51 64
51 87
51 82
51 65
51 63
51 84
51 73
51 66
51 61
51 78
51 83
51 63
51 63
51 86
51 83
51 60
51 68
51 88
51 82
51 63
51 99
51 67
51 73
51 99
51 97
51 79
51 76
51 116
51 105
51 73
51 70
51 102
51 86
51 71
51 69
51 100
51 78
51 70
51 71
51 100
51 88
51 71
51 70
51 102
51 92
51 64
51 71
51 101
51 80
51 65
51 66
51 115
51 106
51 69
51 67
51 101
51 106
51 75
51 77
51 115
51 112
51 78
51 76
51 131
51 83
51 71
51 75
51 119
51 82
51 66
51 67
51 99
51 77
51 77
51 66
51 86
51 88
51 78
51 66
51 87
51 65
51 104
51 113
51 70
51 66
51 93
51 91
51 79
51 70
51 103
51 108
51 68
51 75
51 109
51 95
51 71
51 80
51 87
51 95
51 67
51 70
51 90
51 96
51 86
51 104
51 95
51 87
51 108
51 103
51 95
51 88
51 111
51 108
51 92
51 82
51 118
51 80
51 65
51 66
51 103
51 87
51 65
51 80
51 95
51 87
51 66
51 74
51 110
51 94
51 82
51 73
51 105
51 110
51 80
51 70
51 104
51 115
51 81
51 75
51 122
51 85
51 113
51 91
51 84
51 76
51 118
51 114
51 88
51 103
51 111
51 118
51 87
51 64
51 94
51 81
51 59
51 66
51 91
51 81
51 69
51 66
51 80
51 81
51 68
51 64
51 101
51 93
51 67
51 67
51 91
51 82
51 66
51 67
51 92
51 81
51 67
51 64
51 93
51 93
51 75
51 65
51 85
51 96
51 76
51 72
51 101
51 92
51 66
51 71
51 94
51 75
51 75
51 77
51 92
51 78
51 84
51 71
51 88
51 75
51 75
51 64
51 83
51 85
51 74
51 64
51 77
51 90
51 69
51 67
51 75
51 81
51 67
51 64
51 108
51 82
51 77
51 71
51 98
51 92
51 68
51 75
51 105
51 123
51 66
51 65
51 117
51 86
51 79
51 75
51 105
51 107
51 90
51 80
51 110
51 101
51 82
51 107
51 76
51 76
51 98
51 80
51 90
51 86
51 91
51 90
51 78
51 74
51 116
51 69
51 109
51 98
51 84
51 76
51 101
51 71
51 70
51 67
51 108
51 108
51 70
51 83
51 66
51 67
51 90
51 85
51 67
51 67
51 94
51 81
51 68
51 69
51 83
51 81
51 63
51 67
51 90
51 78
51 67
51 66
51 94
51 65
51 67
51 65
51 79
51 66
51 81
51 76
51 71
51 70
51 82
51 81
51 67
51 69
51 95
51 89
51 69
51 66
51 111
51 81
51 84
51 69
51 104
51 103
51 81
51 73
51 94
51 92
51 71
51 88
51 74
51 76
51 105
51 93
51 80
51 82
51 127
51 103
51 81
51 81
51 111
51 104
51 80
51 103
51 125
51 112
51 87
51 79
51 105
51 98
51 94
51 77
51 116
51 89
51 69
51 78
51 78
51 100
51 70
51 74
51 91
51 90
51 77
51 75
51 91
51 75
51 72
51 70
51 97
51 86
51 79
51 69
51 92
51 99
51 83
51 70
51 77
51 71
51 65
51 67
51 77
51 83
51 91
51 68
51 76
51 104
51 67
51 73
51 72
51 106
51 76
51 80
51 103
51 72
51 114
51 86
51 74
51 74
51 96
51 104
51 80
51 118
51 78
51 84
51 77
51 87
51 71
51 73
51 108
51 96
51 75
51 82
51 104
51 64
51 82
51 84
51 64
51 62
51 79
51 81
51 65
51 63
51 77
51 67
51 61
51 83
51 60
51 70
51 92
51 72
51 66
51 61
51 91
51 72
51 57
51 66
51 79
51 93
51 78
51 76
51 91
51 96
51 76
51 80
51 102
51 80
51 87
51 84
51 115
51 124
51 88
51 93
51 117
51 104
51 87
51 78
51 126
51 132
51 89
51 84
51 143
51 99
51 63
51 66
51 93
51 98
51 71
51 68
51 74
51 85
51 69
51 73
51 104
51 114
51 75
51 78
51 108
51 79
51 82
51 79
51 118
51 102
51 58
51 88
51 119
51 73
51 94
51 78
51 75
51 76
51 97
51 79
51 77
51 79
51 91
51 88
51 71
51 96
51 74
51 79
51 132
51 92
51 75
51 89
51 136
51 96
51 87
51 80
51 120
51 71
51 64
51 67
51 97
51 76
51 60
51 68
51 86
51 82
51 67
51 59
51 81
51 62
51 91
51 70
51 72
51 70
51 81
51 73
51 65
51 68
51 81
51 70
51 67
51 66
51 95
51 90
51 69
51 78
51 105
51 85
51 72
51 75
51 70
51 93
51 76
51 88
51 76
51 82
51 110
51 100
51 72
51 70
51 100
51 93
51 77
51 71
51 85
51 79
51 70
51 66
51 73
51 74
51 68
51 69
51 81
51 83
51 68
51 65
51 82
51 89
51 71
51 70
51 85
51 75
51 75
51 70
51 84
51 77
51 73
51 70
51 76
51 62
51 115
51 96
51 78
51 75
51 105
51 88
51 85
51 82
51 86
51 108
51 88
51 63
51 86
51 70
51 63
51 63
51 72
51 69
51 66
51 62
51 77
51 73
51 63
51 66
51 94
51 99
51 70
51 63
51 99
51 70
51 74
51 72
51 71
51 88
51 69
51 81
51 70
51 65
51 86
51 83
51 64
51 65
51 95
51 84
51 79
51 64
51 101
51 63
51 82
51 68
51 64
51 63
51 70
51 72
51 66
51 63
51 80
51 68
51 65
51 66
51 82
51 84
51 68
51 73
51 72
51 72
51 65
51 64
51 71
51 67
51 66
51 102
51 77
51 80
51 110
51 100
51 75
51 74
51 114
51 78
51 78
51 76
51 107
51 74
51 98
51 80
51 71
51 79
51 99
51 97
51 73
51 81
51 110
51 93
51 77
51 73
51 66
51 64
51 79
51 73
51 66
51 81
51 75
51 89
51 80
51 65
51 68
51 89
51 82
51 93
51 129
51 100
51 74
51 105
51 147
51 113
51 74
51 92
51 136
51 71
51 98
51 78
51 71
51 77
51 92
51 88
51 71
51 70
51 75
51 89
51 80
51 61
51 80
51 68
51 69
51 72
51 71
51 70
51 70
51 67
51 80
51 71
51 65
51 68
51 101
51 106
51 79
51 71
51 93
51 103
51 79
51 76
51 92
51 105
51 69
51 70
51 66
51 66
51 90
51 72
51 67
51 66
51 83
51 65
51 77
51 67
51 71
51 68
51 83
51 84
51 66
51 63
51 85
51 82
51 67
51 65
51 77
51 85
51 73
51 67
51 96
51 72
51 63
51 67
51 84
51 85
51 75
51 62
51 82
51 77
51 62
51 99
51 68
51 78
51 95
51 91
51 72
51 70
51 101
51 90
51 71
51 66
51 92
51 69
51 100
51 85
51 80
51 79
51 90
51 99
51 75
51 69
51 101
51 84
51 75
51 72
51 66
51 66
51 82
51 74
51 67
51 64
51 75
51 73
51 60
51 61
51 71
51 80
51 68
51 66
51 80
51 92
51 70
51 68
51 82
51 74
51 68
51 66
51 78
51 66
51 99
51 80
51 80
51 77
51 83
51 77
51 69
51 75
51 79
51 99
51 84
51 71
51 110
51 103
51 80
51 72
51 120
51 104
51 84
51 75
51 106
51 114
51 74
51 64
51 74
51 64
51 64
51 60
51 86
51 87
51 96
51 71
51 66
51 95
51 65
51 83
51 109
51 89
51 85
51 80
51 106
51 114
51 83
51 80
51 109
51 114
51 88
51 85
51 65
51 66
51 83
51 68
51 72
51 66
51 81
51 67
51 70
51 66
51 82
