1919 2
51 68
51 97
51 89
51 64
51 62
51 85
51 82
51 60
51 61
51 110
51 84
51 60
51 61
51 107
51 96
51 60
51 60
51 74
51 73
51 59
51 97
51 66
51 61
51 117
51 65
51 148
51 144
51 63
51 63
51 107
51 119
51 64
51 64
51 139
51 135
51 65
51 76
51 144
51 138
51 67
51 62
51 108
51 101
51 68
51 71
51 107
51 132
51 62
51 150
51 66
51 62
51 128
51 128
51 60
51 61
51 129
51 124
51 61
51 62
51 128
51 62
51 123
51 134
51 65
51 63
51 126
51 120
51 59
51 63
51 133
51 138
51 62
51 145
51 59
51 72
51 111
51 116
51 59
51 60
51 106
51 117
51 61
51 60
51 97
51 119
51 60
51 60
51 106
51 114
51 60
51 59
51 73
51 111
51 59
51 60
51 105
51 100
51 59
51 60
51 102
51 106
51 70
51 64
51 100
51 81
51 73
51 69
51 111
51 122
51 69
51 65
51 116
51 126
51 76
51 68
51 120
51 111
51 72
51 73
51 122
51 132
51 69
51 75
51 121
51 99
51 75
51 74
51 111
51 109
51 84
51 80
51 141
51 107
51 62
51 65
51 138
51 115
51 61
51 63
51 96
51 115
51 62
51 64
51 96
51 120
51 75
51 60
51 126
51 118
51 58
51 62
51 143
51 121
51 61
51 60
51 109
51 105
51 68
51 70
51 144
51 122
51 67
51 70
51 116
51 112
51 69
51 70
51 125
51 147
51 70
51 61
51 151
51 171
51 74
51 75
51 139
51 164
51 68
51 79
51 129
51 66
51 118
51 132
51 71
51 68
51 127
51 126
51 66
51 69
51 107
51 130
51 72
51 60
51 99
51 80
51 59
51 59
51 83
51 72
51 59
51 59
51 84
51 82
51 63
51 118
51 63
51 64
51 150
51 119
51 63
51 64
51 146
51 126
51 61
51 62
51 128
51 117
51 68
51 61
51 94
51 142
51 60
51 60
51 110
51 124
51 61
51 59
51 91
51 63
51 104
51 85
51 59
51 59
51 103
51 85
51 59
51 59
51 94
51 75
51 59
51 106
51 64
51 63
51 96
51 187
51 62
51 61
51 113
51 125
51 63
51 65
51 124
51 93
51 60
51 59
51 132
51 116
51 59
51 67
51 117
51 135
51 61
51 65
51 101
51 129
51 62
51 63
51 142
51 172
51 61
51 62
51 123
51 125
51 64
51 65
51 110
51 110
51 67
51 69
51 142
51 158
51 67
51 78
51 134
51 115
51 65
51 71
51 127
51 96
51 107
51 109
51 61
51 57
51 109
51 102
51 66
51 60
51 109
51 103
51 61
51 130
51 62
51 69
51 111
51 105
51 60
51 69
51 103
51 118
51 60
51 61
51 105
51 60
51 144
51 125
51 60
51 61
51 94
51 113
51 61
51 61
51 97
51 115
51 64
51 121
51 61
51 139
51 105
51 105
51 67
51 67
51 126
51 58
51 62
51 107
51 58
51 99
51 91
51 59
51 59
51 80
51 71
51 58
51 59
51 83
51 111
51 58
51 78
51 126
51 120
51 70
51 67
51 135
51 108
51 67
51 74
51 124
51 107
51 66
51 76
51 129
51 132
51 76
51 104
51 119
51 112
51 68
51 78
51 94
51 105
51 71
51 63
51 96
51 100
51 61
51 62
51 96
51 109
51 62
51 61
51 85
51 86
51 60
51 63
51 103
51 109
51 65
51 61
51 126
51 78
51 62
51 62
51 98
51 127
51 60
51 78
51 104
51 115
51 72
51 73
51 109
51 97
51 71
51 73
51 108
51 90
51 69
51 68
51 138
51 135
51 71
51 86
51 154
51 125
51 74
51 83
51 149
51 143
51 75
51 116
51 79
51 70
51 131
51 146
51 76
51 83
51 113
51 127
51 80
51 86
51 127
51 136
51 60
51 61
51 70
51 104
51 61
51 62
51 76
51 72
51 61
51 66
51 74
51 71
51 114
51 121
51 61
51 63
51 109
51 120
51 62
51 83
51 137
51 129
51 65
51 67
51 101
51 100
51 60
51 60
51 88
51 79
51 61
51 60
51 98
51 86
51 60
51 114
51 63
51 90
51 140
51 116
51 60
51 60
51 125
51 116
51 61
51 62
51 71
51 91
51 116
51 102
51 60
51 58
51 131
51 96
51 60
51 59
51 107
51 97
51 101
51 60
51 93
51 127
51 59
51 68
51 112
51 106
51 62
51 61
51 82
51 103
51 58
51 62
51 114
51 117
51 62
51 61
51 100
51 86
51 60
51 60
51 93
51 124
51 60
51 77
51 126
51 119
51 61
51 62
51 120
51 126
51 74
51 75
51 115
51 119
51 76
51 116
51 60
51 61
51 123
51 116
51 61
51 60
51 105
51 113
51 60
51 61
51 112
51 64
51 114
51 99
51 62
51 63
51 84
51 128
51 63
51 67
51 116
51 111
51 70
51 143
51 61
51 58
51 107
51 87
51 61
51 62
51 99
51 87
51 60
51 57
51 104
51 105
51 59
51 60
51 107
51 90
51 60
51 61
51 75
51 88
51 55
51 62
51 84
51 88
51 60
51 61
51 96
51 87
51 59
51 68
51 107
51 97
51 69
51 62
51 65
51 114
51 67
51 69
51 134
51 90
51 77
51 69
51 139
51 118
51 70
51 75
51 124
51 115
51 67
51 79
51 142
51 122
51 78
51 86
51 135
51 125
51 75
51 64
51 104
51 122
51 66
51 75
51 128
51 134
51 60
51 63
51 133
51 133
51 66
51 64
51 135
51 131
51 61
51 75
51 88
51 98
51 64
51 63
51 86
51 93
51 62
51 74
51 75
51 112
51 66
51 74
51 111
51 99
51 67
51 70
51 96
51 105
51 67
51 71
51 106
51 105
51 66
51 70
51 111
51 122
51 72
51 68
51 121
51 137
51 70
51 68
51 129
51 71
51 149
51 123
51 75
51 78
51 123
51 128
51 98
51 76
51 124
51 105
51 86
51 60
51 102
51 86
51 61
51 60
51 108
51 96
51 61
51 68
51 78
51 101
51 61
51 125
51 62
51 71
51 118
51 109
51 78
51 68
51 112
51 109
51 63
51 64
51 112
51 115
51 68
51 61
51 100
51 96
51 60
51 61
51 88
51 87
51 62
51 70
51 95
51 62
51 87
51 78
51 59
51 60
51 76
51 76
51 61
51 61
51 86
51 98
51 60
51 123
51 59
51 57
51 133
51 104
51 56
51 60
51 87
51 78
51 61
51 57
51 114
51 116
51 61
51 61
51 106
51 85
51 61
51 60
51 103
51 83
51 61
51 67
51 103
51 123
51 64
51 65
51 117
51 106
51 60
51 61
51 104
51 104
51 60
51 60
51 99
51 123
51 76
51 89
51 131
51 123
51 64
51 71
51 114
51 126
51 74
51 60
51 111
51 61
51 129
51 106
51 64
51 62
51 100
51 112
51 60
51 61
51 98
51 102
51 64
51 142
51 68
51 68
51 150
51 161
51 65
51 63
51 146
51 160
51 61
51 66
51 141
51 60
51 133
51 120
51 68
51 60
51 124
51 102
51 61
51 61
51 108
51 122
51 60
51 62
51 114
51 111
51 60
51 59
51 115
51 105
51 61
51 60
51 104
51 104
51 59
51 61
51 125
51 95
51 61
51 62
51 107
51 146
51 79
51 67
51 97
51 92
51 77
51 65
51 103
51 101
51 72
51 64
51 98
51 110
51 72
51 65
51 107
51 109
51 73
51 73
51 127
51 109
51 64
51 72
51 114
51 108
51 77
51 77
51 114
51 109
51 71
51 73
51 126
51 143
51 65
51 57
51 148
51 120
51 63
51 61
51 166
51 141
51 62
51 61
51 93
51 104
51 60
51 61
51 96
51 91
51 61
51 63
51 97
51 103
51 63
51 69
51 103
51 105
51 70
51 68
51 102
51 105
51 71
51 79
51 112
51 112
51 100
51 70
51 120
51 125
51 76
51 68
51 112
51 97
51 73
51 69
51 102
51 101
51 75
51 115
51 66
51 72
51 140
51 124
51 70
51 68
51 122
51 110
51 72
51 68
51 107
51 119
51 62
51 61
51 111
51 120
51 60
51 60
51 88
51 107
51 59
51 62
51 73
51 70
51 132
51 106
51 61
51 63
51 90
51 130
51 64
51 61
51 81
51 119
51 64
51 119
51 119
51 84
51 62
51 60
51 82
51 101
51 59
51 60
51 84
51 87
51 61
51 84
51 60
51 61
51 88
51 73
51 62
51 62
51 116
51 63
51 76
51 60
51 72
51 60
51 80
51 78
51 69
51 71
51 92
51 89
51 62
51 63
51 89
51 88
51 61
51 61
51 87
51 97
51 61
51 61
51 76
51 83
51 60
51 60
51 68
51 87
51 61
51 71
51 130
51 102
51 73
51 64
51 129
51 123
51 66
51 67
51 149
51 136
51 65
51 74
51 116
51 117
51 63
51 87
51 147
51 123
51 86
51 81
51 110
51 105
51 71
51 121
51 64
51 63
51 117
51 124
51 69
51 62
51 116
51 118
51 57
51 65
51 130
51 78
51 142
51 146
51 60
51 65
51 141
51 124
51 63
51 74
51 137
51 135
51 65
51 145
51 62
51 70
51 140
51 140
51 62
51 63
51 128
51 111
51 59
51 63
51 120
51 116
51 60
51 62
51 110
51 104
51 62
51 65
51 99
51 94
51 60
51 67
51 87
51 108
51 61
51 70
51 94
51 101
51 76
51 68
51 91
51 111
51 59
51 62
51 98
51 109
51 69
51 73
51 128
51 100
51 80
51 67
51 110
51 93
51 67
51 67
51 100
51 116
51 73
51 71
51 122
51 100
51 76
51 94
51 127
51 122
51 69
51 77
51 116
51 104
51 62
51 62
51 112
51 118
51 64
51 63
51 109
51 108
51 62
51 61
51 91
51 126
51 59
51 62
51 90
51 72
51 62
51 63
51 115
51 121
51 60
51 63
51 118
51 112
51 71
51 79
51 102
51 88
51 73
51 72
51 105
51 121
51 75
51 74
51 105
51 141
51 74
51 97
51 154
51 136
51 68
51 71
51 142
51 137
51 70
51 82
51 152
51 65
51 116
51 121
51 64
51 70
51 96
51 112
51 67
51 65
51 113
51 99
51 64
51 59
51 110
51 80
51 61
51 64
51 79
51 78
51 66
51 60
51 96
51 87
51 60
51 132
51 72
51 60
51 124
51 115
51 64
51 64
51 104
51 125
51 65
51 64
51 119
51 144
51 61
51 61
51 90
51 137
51 61
51 61
51 95
51 107
51 59
51 77
51 109
51 59
51 99
51 80
51 60
51 60
51 91
51 84
51 60
51 60
51 79
51 101
51 59
51 117
51 62
51 60
51 100
51 83
51 61
51 57
51 86
51 76
51 62
51 61
51 102
51 121
51 62
51 61
51 105
51 74
51 60
51 61
51 79
51 106
51 59
51 82
51 95
51 161
51 63
51 62
51 101
51 88
51 68
51 70
51 100
51 129
51 58
51 59
51 105
51 130
51 66
51 73
51 113
51 112
51 79
51 72
51 114
51 135
51 69
51 67
51 123
51 101
51 106
51 107
51 61
51 68
51 104
51 89
51 63
51 60
51 112
51 119
51 64
51 133
51 66
51 70
51 111
51 112
51 58
51 62
51 127
51 118
51 67
51 62
51 94
51 60
51 77
51 92
51 60
51 65
51 102
51 94
51 62
51 60
51 95
51 87
51 66
51 62
51 112
51 112
51 58
51 56
51 117
51 118
51 65
51 59
51 97
51 84
51 64
51 68
51 107
51 91
51 65
51 59
51 101
51 85
51 60
51 61
51 70
51 77
51 66
51 68
51 105
51 101
51 65
51 69
51 104
51 93
51 70
51 64
51 108
51 112
51 73
51 67
51 104
51 132
51 81
51 78
51 116
51 106
51 77
51 76
51 111
51 135
51 72
51 66
51 102
51 122
51 70
51 67
51 99
51 90
51 67
51 63
51 118
51 116
51 63
51 73
51 85
51 98
51 62
51 62
51 97
51 82
51 61
51 62
51 100
51 90
51 64
51 80
51 100
51 105
51 76
51 73
51 93
51 93
51 82
51 72
51 113
51 85
51 71
51 67
51 128
51 119
51 71
51 72
51 122
51 113
51 73
51 74
51 145
51 127
51 72
51 139
51 64
51 68
51 108
51 118
51 64
51 63
51 119
51 106
51 75
51 88
51 139
51 120
51 61
51 61
51 128
51 97
51 60
51 73
51 108
51 86
51 61
51 60
51 88
51 103
51 106
51 117
51 61
51 64
51 75
51 105
51 63
51 62
51 103
51 122
51 66
51 61
51 106
51 82
51 62
51 60
51 80
51 89
51 61
51 61
51 77
51 78
51 64
51 109
51 64
51 61
51 99
51 106
51 60
51 64
51 102
51 86
51 58
51 62
51 113
51 65
51 71
51 83
51 60
51 66
51 97
51 78
51 61
51 62
51 88
51 106
51 62
51 63
51 95
51 80
51 60
51 59
51 90
51 87
51 62
51 66
51 94
51 96
51 62
51 64
51 97
51 105
51 63
51 63
51 93
51 91
51 63
51 60
51 94
51 81
51 63
51 76
51 117
51 109
51 76
51 68
51 105
51 107
51 75
51 70
51 117
51 115
51 71
51 122
51 60
51 71
51 105
51 119
51 62
51 64
51 108
51 112
51 55
51 63
51 120
51 70
51 110
51 132
51 65
51 64
51 108
51 94
51 65
51 118
51 60
51 95
51 110
51 118
51 82
51 71
51 92
51 90
51 64
51 61
51 111
51 103
51 61
51 65
51 107
51 127
51 72
51 61
51 104
51 86
51 64
51 64
51 83
51 97
51 59
51 62
51 88
51 117
51 60
51 61
51 96
51 95
51 62
51 64
51 79
51 112
51 62
51 64
51 93
51 123
51 68
51 72
51 141
51 125
51 68
51 75
51 110
51 110
51 69
51 63
51 141
51 120
51 74
51 64
51 134
51 122
51 67
51 75
51 115
51 115
51 64
51 64
51 119
51 152
51 67
51 83
51 133
51 160
51 61
51 65
51 146
51 144
51 64
51 57
51 153
51 117
51 61
51 67
51 114
51 113
51 61
51 64
51 97
51 108
51 66
51 72
51 87
51 131
51 64
51 71
51 131
51 123
51 67
51 68
51 106
51 106
51 69
51 69
51 103
51 167
51 66
51 74
51 131
51 120
51 69
51 69
51 134
51 128
51 61
51 72
51 108
51 135
51 104
51 125
51 80
51 62
51 119
51 124
51 65
51 66
51 118
51 104
51 75
51 85
51 104
51 100
51 59
51 60
51 75
51 88
51 64
51 62
51 88
51 98
51 63
51 139
51 94
51 62
51 118
51 98
51 63
51 62
51 131
51 112
51 62
51 62
51 108
51 141
51 61
51 62
51 129
51 70
51 63
51 61
51 114
51 112
51 62
51 62
51 97
51 63
51 101
51 78
51 67
51 61
51 88
51 84
51 63
51 60
51 95
51 88
51 62
51 113
51 57
51 59
51 87
51 85
51 60
51 61
51 80
51 86
51 73
51 54
51 66
51 116
51 58
51 54
51 96
51 81
51 61
51 56
51 87
51 84
51 55
51 55
51 114
51 130
51 63
51 62
51 90
51 75
51 60
51 60
51 98
51 109
51 60
51 61
51 79
51 126
51 63
51 72
51 123
51 104
51 77
51 73
51 120
51 102
51 65
51 66
51 145
51 66
51 105
51 120
51 62
51 59
51 87
51 115
51 61
51 60
51 106
51 114
51 65
51 138
51 61
51 68
51 133
51 140
51 61
51 58
51 120
51 111
51 64
51 62
51 90
51 88
51 90
51 108
51 64
51 63
51 119
51 114
51 63
51 63
51 112
51 87
51 64
51 63
51 100
51 105
51 59
51 64
51 94
51 94
51 63
51 64
51 84
51 95
51 61
51 68
51 114
51 106
51 58
51 61
51 96
51 99
51 61
51 59
51 96
51 101
51 54
51 65
51 98
51 93
51 65
51 71
51 104
51 89
51 67
51 80
51 96
51 87
51 67
51 76
51 113
51 115
51 73
51 70
51 124
51 104
51 67
51 64
51 108
51 93
51 64
51 67
51 117
51 125
51 62
51 73
51 110
51 89
51 69
51 64
51 85
51 97
51 62
51 66
51 81
51 95
51 67
51 78
51 75
51 87
51 60
51 72
51 74
51 89
51 65
51 70
51 90
51 91
51 69
51 71
51 98
51 92
51 70
51 69
51 92
51 94
51 74
51 72
51 103
51 110
51 75
51 64
51 98
51 99
51 69
51 67
51 108
51 112
51 64
51 103
51 60
51 64
51 112
51 116
51 62
51 67
51 120
51 84
51 110
51 60
51 101
51 112
51 61
51 64
51 96
51 86
51 60
51 60
51 88
51 70
51 63
51 60
51 86
51 63
51 96
51 112
51 63
51 64
51 99
51 88
51 66
51 63
51 88
51 89
51 61
51 60
51 77
51 96
51 60
51 60
51 104
51 89
51 59
51 60
51 96
51 85
51 59
51 98
51 59
51 59
51 91
51 86
51 57
51 58
51 88
51 85
51 58
51 59
51 75
