1910 2
51 73
51 109
51 65
51 74
51 81
51 66
51 72
51 65
51 75
51 100
51 98
51 81
51 71
51 106
51 109
51 71
51 66
51 98
51 104
51 72
51 66
51 107
51 95
51 79
51 77
51 95
51 114
51 75
51 76
51 89
51 121
51 71
51 72
51 133
51 114
51 76
51 71
51 87
51 105
51 68
51 67
51 101
51 100
51 70
51 70
51 100
51 107
51 70
51 69
51 90
51 95
51 66
51 66
51 86
51 87
51 67
51 66
51 95
51 87
51 66
51 76
51 98
51 95
51 66
51 66
51 107
51 107
51 67
51 66
51 102
51 116
51 66
51 94
51 121
51 133
51 76
51 76
51 100
51 121
51 82
51 84
51 106
51 116
51 85
51 150
51 86
51 78
51 109
51 119
51 79
51 73
51 116
51 102
51 77
51 76
51 94
51 81
51 151
51 119
51 80
51 81
51 138
51 107
51 77
51 73
51 126
51 108
51 73
51 137
51 62
51 65
51 118
51 116
51 67
51 67
51 85
51 98
51 67
51 67
51 132
51 64
51 115
51 108
51 63
51 60
51 100
51 106
51 61
51 61
51 88
51 86
51 66
51 140
51 69
51 71
51 118
51 105
51 75
51 73
51 112
51 115
51 76
51 76
51 114
51 118
51 67
51 62
51 101
51 143
51 62
51 63
51 115
51 127
51 65
51 63
51 106
51 103
51 66
51 67
51 86
51 92
51 65
51 72
51 65
51 97
51 105
51 61
51 78
51 141
51 75
51 69
51 119
51 109
51 68
51 69
51 118
51 124
51 74
51 70
51 103
51 78
51 111
51 96
51 72
51 103
51 70
51 74
51 100
51 72
51 97
51 96
51 69
51 111
51 66
51 61
51 101
51 108
51 66
51 66
51 104
51 93
51 93
51 67
51 96
51 131
51 74
51 81
51 120
51 114
51 85
51 86
51 105
51 121
51 86
51 84
51 109
51 76
51 128
51 117
51 75
51 85
51 115
51 123
51 96
51 95
51 128
51 131
51 96
51 87
51 115
51 118
51 89
51 84
51 110
51 118
51 97
51 86
51 113
51 100
51 84
51 137
51 72
51 72
51 110
51 103
51 68
51 73
51 108
51 107
51 78
51 74
51 96
51 151
51 83
51 89
51 118
51 135
51 83
51 81
51 122
51 135
51 85
51 103
51 105
51 141
51 70
51 77
51 124
51 119
51 77
51 79
51 136
51 129
51 94
51 84
51 120
51 78
51 127
51 133
51 74
51 79
51 121
51 120
51 77
51 107
51 84
51 116
51 79
51 135
51 91
51 88
51 132
51 127
51 88
51 84
51 130
51 127
51 98
51 93
51 135
51 122
51 89
51 92
51 114
51 147
51 84
51 93
51 116
51 135
51 93
51 100
51 112
51 114
51 71
51 66
51 124
51 123
51 75
51 76
51 104
51 114
51 77
51 90
51 95
51 155
51 70
51 75
51 105
51 97
51 116
51 66
51 78
51 88
51 71
51 74
51 82
51 130
51 65
51 66
51 116
51 65
51 120
51 67
51 163
51 68
51 111
51 130
51 113
51 81
51 136
51 116
51 73
51 68
51 112
51 105
51 67
51 77
51 110
51 98
51 73
51 59
51 106
51 98
51 65
51 61
51 99
51 93
51 62
51 61
51 90
51 90
51 65
51 124
51 76
51 82
51 110
51 115
51 79
51 80
51 98
51 128
51 90
51 96
51 118
51 82
51 132
51 130
51 87
51 89
51 113
51 85
51 110
51 96
51 129
51 121
51 90
51 115
51 65
51 92
51 109
51 115
51 65
51 125
51 120
51 93
51 114
51 109
51 72
51 91
51 131
51 65
51 140
51 120
51 65
51 73
51 65
51 113
51 120
51 125
51 65
51 65
51 92
51 99
51 65
51 64
51 84
51 66
51 98
51 75
51 78
51 68
51 119
51 120
51 65
51 60
51 131
51 94
51 69
51 64
51 113
51 95
51 76
51 90
51 146
51 132
51 77
51 82
51 134
51 126
51 84
51 83
51 141
51 134
51 79
51 140
51 68
51 79
51 118
51 113
51 77
51 97
51 80
51 124
51 152
51 95
51 65
51 100
51 105
51 61
51 61
51 104
51 86
51 66
51 62
51 109
51 110
51 65
51 72
51 108
51 113
51 85
51 80
51 111
51 123
51 77
51 87
51 128
51 110
51 87
51 85
51 117
51 109
51 75
51 77
51 113
51 108
51 77
51 72
51 113
51 106
51 107
51 65
51 62
51 107
51 90
51 61
51 62
51 95
51 92
51 62
51 61
51 88
51 67
51 93
51 94
51 68
51 87
51 73
51 62
51 78
51 62
51 93
51 96
51 104
51 64
51 65
51 95
51 66
51 76
51 83
51 88
51 62
51 72
51 67
51 65
51 62
51 124
51 102
51 62
51 62
51 90
51 92
51 62
51 61
51 89
51 99
51 66
51 64
51 99
51 93
51 64
51 64
51 93
51 89
51 65
51 64
51 88
51 92
51 64
51 131
51 78
51 79
51 120
51 131
51 76
51 78
51 123
51 127
51 82
51 91
51 110
51 75
51 121
51 127
51 77
51 97
51 102
51 146
51 78
51 86
51 126
51 129
51 77
51 98
51 63
51 67
51 90
51 68
51 68
51 62
51 89
51 92
51 63
51 62
51 82
51 129
51 73
51 66
51 112
51 111
51 66
51 76
51 80
51 103
51 102
51 80
51 94
51 147
51 74
51 84
51 105
51 129
51 96
51 98
51 118
51 115
51 99
51 97
51 116
51 66
51 118
51 110
51 72
51 66
51 125
51 122
51 67
51 66
51 104
51 126
51 70
51 85
51 138
51 140
51 67
51 68
51 134
51 125
51 68
51 72
51 127
51 122
51 68
51 83
51 128
51 148
51 91
51 84
51 176
51 134
51 61
51 61
51 131
51 104
51 65
51 124
51 68
51 73
51 124
51 158
51 71
51 76
51 115
51 140
51 69
51 68
51 122
51 147
51 61
51 62
51 105
51 90
51 61
51 62
51 90
51 111
51 68
51 60
51 95
51 83
51 136
51 128
51 67
51 100
51 67
51 143
51 61
51 70
51 129
51 103
51 68
51 69
51 100
51 112
51 65
51 65
51 123
51 112
51 65
51 61
51 98
51 93
51 73
51 81
51 130
51 146
51 81
51 72
51 133
51 129
51 80
51 71
51 130
51 106
51 74
51 63
51 111
51 111
51 71
51 70
51 109
51 112
51 72
51 66
51 103
51 106
51 83
51 114
51 62
51 64
51 105
51 76
51 65
51 84
51 76
51 84
51 62
51 72
51 66
51 64
51 115
51 84
51 61
51 64
51 90
51 105
51 67
51 59
51 75
51 96
51 69
51 65
51 113
51 118
51 61
51 65
51 121
51 93
51 66
51 62
51 93
51 103
51 66
51 68
51 102
51 102
51 70
51 73
51 94
51 90
51 69
51 73
51 95
51 78
51 67
51 147
51 71
51 75
51 117
51 76
51 144
51 82
51 100
51 141
51 76
51 73
51 132
51 116
51 65
51 67
51 114
51 127
51 67
51 67
51 129
51 114
51 71
51 71
51 77
51 83
51 138
51 152
51 107
51 85
51 131
51 136
51 85
51 77
51 132
51 147
51 79
51 103
51 74
51 76
51 102
51 118
51 74
51 73
51 99
51 114
51 72
51 75
51 126
51 98
51 62
51 66
51 69
51 84
51 71
51 74
51 75
51 92
51 77
51 64
51 92
51 130
51 67
51 73
51 85
51 85
51 91
51 71
51 96
51 101
51 70
51 67
51 104
51 67
51 125
51 118
51 66
51 66
51 101
51 98
51 70
51 67
51 86
51 83
51 68
51 70
51 133
51 126
51 74
51 74
51 116
51 114
51 73
51 73
51 121
51 119
51 77
51 141
51 66
51 74
51 98
51 103
51 77
51 72
51 112
51 83
51 66
51 76
51 139
51 116
51 82
51 73
51 115
51 116
51 71
51 77
51 99
51 116
51 80
51 74
51 116
51 142
51 86
51 87
51 116
51 104
51 83
51 107
51 115
51 131
51 84
51 83
51 125
51 132
51 72
51 84
51 114
51 135
51 93
51 78
51 103
51 147
51 82
51 81
51 115
51 116
51 67
51 67
51 110
51 103
51 68
51 69
51 101
51 83
51 68
51 67
51 115
51 64
51 111
51 109
51 67
51 60
51 83
51 88
51 62
51 61
51 91
51 90
51 61
51 142
51 76
51 87
51 112
51 141
51 74
51 79
51 119
51 139
51 71
51 62
51 107
51 82
51 129
51 111
51 66
51 72
51 100
51 98
51 61
51 87
51 107
51 95
51 62
51 67
51 90
51 101
51 61
51 61
51 96
51 98
51 60
51 125
51 61
51 60
51 88
51 62
51 62
51 61
51 95
51 90
51 62
51 62
51 87
51 80
51 115
51 132
51 81
51 118
51 99
51 86
51 106
51 81
51 106
51 126
51 76
51 156
51 69
51 74
51 98
51 108
51 73
51 72
51 95
51 119
51 85
51 66
51 105
51 74
51 126
51 132
51 69
51 106
51 70
51 111
51 70
51 68
51 123
51 114
51 75
51 123
51 61
51 61
51 88
51 93
51 61
51 62
51 82
51 108
51 61
51 61
51 69
51 97
51 69
51 61
51 83
51 67
51 63
51 61
51 76
51 94
51 61
51 62
51 120
51 124
51 61
51 64
51 96
51 64
51 73
51 64
51 62
51 79
51 78
51 63
51 79
51 112
51 121
51 83
51 85
51 119
51 105
51 77
51 81
51 95
51 122
51 76
51 133
51 78
51 72
51 112
51 124
51 85
51 78
51 114
51 100
51 79
51 77
51 122
51 73
51 120
51 119
51 79
51 78
51 121
51 91
51 75
51 86
51 104
51 110
51 72
51 66
51 108
51 111
51 69
51 72
51 102
51 120
51 73
51 66
51 104
51 123
51 72
51 65
51 88
51 96
51 63
51 62
51 95
51 89
51 66
51 61
51 96
51 84
51 62
51 125
51 68
51 70
51 113
51 111
51 69
51 64
51 99
51 97
51 62
51 58
51 112
51 110
51 74
51 69
51 97
51 91
51 68
51 68
51 91
51 96
51 69
51 69
51 80
51 74
51 113
51 114
51 82
51 76
51 103
51 103
51 90
51 79
51 98
51 104
51 85
51 65
51 102
51 96
51 67
51 70
51 99
51 89
51 67
51 61
51 90
51 91
51 66
51 61
51 90
51 91
51 68
51 65
51 88
51 85
51 65
51 102
51 67
51 72
51 71
51 66
51 109
51 102
51 65
51 87
51 89
51 68
51 67
51 67
51 111
51 95
51 76
51 132
51 64
51 67
51 99
51 126
51 70
51 67
51 97
51 96
51 63
51 67
51 98
51 77
51 110
51 121
51 81
51 84
51 92
51 102
51 74
51 77
51 106
51 116
51 67
51 138
51 64
51 65
51 108
51 66
51 65
51 66
51 99
51 137
51 69
51 63
51 107
51 143
51 68
51 64
51 100
51 123
51 67
51 69
51 111
51 122
51 63
51 69
51 104
51 127
51 78
51 68
51 93
51 95
51 65
51 66
51 77
51 90
51 103
51 65
51 68
51 123
51 62
51 61
51 97
51 95
51 63
51 67
51 100
51 66
51 61
51 63
51 100
51 63
51 107
51 96
51 65
51 118
51 69
51 81
51 64
51 59
51 124
51 106
51 59
51 70
51 117
51 125
51 74
51 124
51 98
51 73
51 78
51 68
51 130
51 114
51 74
51 99
51 66
51 65
51 64
51 69
51 65
51 77
51 98
51 95
51 65
51 66
51 96
51 137
51 69
51 76
51 101
51 105
51 78
51 80
51 120
51 109
51 76
51 77
51 126
51 72
51 129
51 118
51 79
51 75
51 137
51 120
51 76
51 76
51 127
51 131
51 72
51 110
51 67
51 70
51 100
51 99
51 67
51 67
51 88
51 101
51 76
51 71
51 101
51 136
51 77
51 145
51 97
51 128
51 77
51 84
51 122
51 143
51 89
51 105
51 131
51 191
51 71
51 75
51 148
51 112
51 70
51 72
51 136
51 131
51 72
51 67
51 98
51 124
51 71
51 79
51 96
51 122
51 81
51 74
51 103
51 114
51 74
51 77
51 117
51 61
51 106
51 104
51 61
51 61
51 93
51 112
51 66
51 61
51 103
51 124
51 62
51 66
51 93
51 97
51 92
51 69
51 100
51 91
51 65
51 60
51 114
51 82
51 60
51 118
51 76
51 81
51 106
51 120
51 72
51 82
51 116
51 115
51 85
51 76
51 114
51 59
51 97
51 97
51 65
51 64
51 103
51 97
51 66
51 88
51 75
51 66
51 71
51 70
51 131
51 111
51 73
51 66
51 103
51 92
51 66
51 68
51 91
51 128
51 67
51 132
51 76
51 75
51 116
51 118
51 85
51 86
51 116
51 131
51 78
51 84
51 105
51 76
51 132
51 120
51 65
51 69
51 114
51 109
51 68
51 74
51 118
51 107
51 66
51 110
51 88
51 60
51 78
51 63
51 86
51 65
51 92
51 94
51 65
51 61
51 78
51 63
51 95
51 110
51 85
51 74
51 99
51 83
51 69
51 74
51 94
51 86
51 67
51 90
51 60
51 60
51 84
51 120
51 66
51 61
51 97
51 102
51 59
51 60
51 64
51 78
51 122
51 119
51 72
51 73
51 122
51 129
51 71
51 74
51 127
51 122
51 64
51 116
51 68
51 75
51 114
51 123
51 75
51 75
51 119
51 135
51 68
51 68
51 126
51 98
51 60
51 63
51 104
51 94
51 65
51 64
51 104
51 100
51 64
51 65
51 82
51 136
51 74
51 80
51 117
51 132
51 77
51 79
51 126
51 134
51 75
51 71
51 125
51 74
51 111
51 107
51 66
51 62
51 83
51 77
51 79
51 72
51 101
51 86
51 78
51 70
51 112
51 91
51 72
51 60
51 102
51 103
51 67
51 69
51 114
51 102
51 71
51 75
51 143
51 122
51 70
51 77
51 90
51 112
51 75
51 146
51 76
51 130
51 61
51 71
51 116
51 113
51 74
51 74
51 127
51 102
51 74
51 75
51 129
51 115
51 78
51 118
51 61
51 62
51 88
51 97
51 63
51 63
51 103
51 123
51 63
51 62
51 81
51 65
51 106
51 103
51 66
51 65
51 95
51 122
51 67
51 69
51 101
51 101
51 62
51 64
51 98
51 103
51 60
51 61
51 95
51 85
51 64
51 68
51 85
51 94
51 62
51 65
51 101
51 113
51 61
51 67
51 90
51 107
51 60
51 60
51 97
51 113
51 58
51 126
51 72
51 68
51 101
51 111
51 72
51 69
51 93
51 101
51 68
51 69
51 100
51 74
51 125
51 108
51 76
51 83
51 85
51 101
51 75
51 73
51 137
51 140
51 76
51 75
51 118
51 132
51 85
51 81
51 111
51 104
51 79
51 79
51 122
51 118
51 79
51 128
51 76
51 84
51 110
51 127
51 80
51 84
51 108
51 144
51 76
51 82
51 103
51 158
51 74
51 79
51 116
51 113
51 86
51 78
51 108
51 132
51 76
51 81
51 135
51 140
51 78
51 72
51 107
51 132
51 90
51 76
51 121
51 132
51 73
51 80
51 119
51 116
51 61
51 61
51 94
51 113
51 63
51 62
51 108
51 87
51 58
51 63
51 128
51 61
51 98
51 117
51 61
51 78
51 79
51 60
51 77
51 61
51 113
51 91
51 66
51 106
51 62
51 63
51 81
51 97
51 61
51 74
51 66
51 95
51 66
51 75
51 84
51 108
51 61
51 66
51 92
51 94
51 67
51 66
51 104
51 122
51 72
51 67
51 87
51 131
51 61
51 68
51 84
51 111
51 61
51 67
51 89
51 104
51 67
51 69
51 103
51 113
51 68
51 78
51 120
51 115
51 95
51 67
51 110
51 129
51 68
51 66
51 117
51 125
51 60
51 60
51 74
51 102
51 61
51 68
51 92
51 77
51 60
51 60
51 81
51 106
51 67
51 113
51 67
51 118
51 117
51 77
51 122
51 60
51 103
51 106
51 62
51 72
51 122
51 104
51 67
51 82
51 96
51 87
51 69
51 68
51 106
51 101
51 67
51 77
51 122
51 133
51 76
51 77
51 123
51 143
51 86
51 90
51 135
51 137
51 88
51 119
51 67
51 66
51 96
51 97
51 65
51 60
51 112
51 65
51 167
51 73
51 68
51 125
51 74
51 68
51 122
51 120
51 77
51 74
51 110
51 124
51 74
51 73
51 113
51 80
51 85
51 105
51 75
51 66
51 94
51 95
51 62
51 67
51 72
51 97
51 58
51 72
51 123
51 127
51 76
51 72
51 123
51 107
51 76
51 75
51 109
51 122
51 74
51 89
51 102
51 90
51 71
51 64
51 92
51 80
51 69
51 78
51 75
51 75
51 70
51 66
51 99
51 106
51 70
51 68
51 111
51 108
51 68
51 69
51 104
51 105
51 74
51 117
51 74
51 73
51 111
51 126
51 74
51 73
51 103
51 112
51 73
51 73
51 94
