1918 2
51 101
51 70
51 116
51 115
51 77
51 70
51 73
51 118
51 121
51 81
51 90
51 107
51 71
51 59
51 59
51 106
51 100
51 67
51 65
51 111
51 79
51 83
51 71
51 75
51 125
51 67
51 91
51 117
51 115
51 91
51 77
51 140
51 131
51 71
51 78
51 134
51 66
51 105
51 113
51 89
51 100
51 79
51 70
51 104
51 68
51 93
51 93
51 69
51 83
51 61
51 63
51 97
51 95
51 61
51 60
51 123
51 63
51 62
51 63
51 71
51 80
51 56
51 59
51 134
51 125
51 56
51 61
51 139
51 131
51 62
51 63
51 126
51 93
51 61
51 65
51 125
51 121
51 63
51 62
51 102
51 104
51 61
51 61
51 106
51 68
51 141
51 160
51 71
51 75
51 139
51 138
51 75
51 74
51 151
51 136
51 63
51 61
51 102
51 95
51 61
51 60
51 110
51 106
51 60
51 60
51 128
51 81
51 60
51 78
51 102
51 115
51 75
51 79
51 77
51 120
51 76
51 75
51 136
51 133
51 77
51 79
51 59
51 61
51 80
51 87
51 64
51 57
51 79
51 95
51 62
51 60
51 86
51 75
51 55
51 79
51 114
51 107
51 56
51 60
51 116
51 73
51 61
51 61
51 97
51 105
51 64
51 67
51 130
51 120
51 71
51 70
51 109
51 117
51 66
51 66
51 107
51 99
51 68
51 67
51 113
51 102
51 102
51 62
51 99
51 131
51 70
51 73
51 117
51 59
51 86
51 84
51 60
51 63
51 69
51 73
51 60
51 100
51 64
51 60
51 98
51 77
51 60
51 59
51 103
51 85
51 62
51 60
51 107
51 88
51 59
51 59
51 74
51 60
51 81
51 76
51 65
51 76
51 82
51 69
51 60
51 60
51 99
51 88
51 77
51 118
51 65
51 65
51 119
51 104
51 111
51 61
51 100
51 94
51 59
51 56
51 63
51 59
51 99
51 95
51 59
51 68
51 101
51 73
51 59
51 59
51 77
51 61
51 60
51 62
51 102
51 93
51 65
51 62
51 64
51 91
51 63
51 62
51 110
51 96
51 65
51 64
51 96
51 76
51 59
51 59
51 103
51 99
51 59
51 60
51 85
51 63
51 59
51 102
51 61
51 61
51 91
51 85
51 62
51 63
51 87
51 81
51 63
51 63
51 84
51 73
51 55
51 57
51 125
51 88
51 55
51 57
51 136
51 103
51 55
51 58
51 111
51 60
51 112
51 110
51 61
51 64
51 141
51 112
51 61
51 61
51 112
51 114
51 61
51 77
51 140
51 149
51 75
51 73
51 155
51 104
51 72
51 80
51 103
51 134
51 71
51 64
51 104
51 110
51 71
51 84
51 141
51 113
51 71
51 73
51 128
51 112
51 73
51 54
51 103
51 80
51 59
51 72
51 92
51 84
51 59
51 60
51 103
51 62
51 66
51 66
51 92
51 88
51 61
51 62
51 122
51 90
51 61
51 61
51 150
51 124
51 62
51 60
51 87
51 96
51 61
51 59
51 117
51 92
51 61
51 59
51 61
51 112
51 60
51 107
51 72
51 76
51 132
51 124
51 78
51 75
51 146
51 113
51 113
51 71
51 74
51 86
51 68
51 60
51 92
51 95
51 59
51 62
51 110
51 82
51 59
51 116
51 63
51 69
51 118
51 114
51 77
51 79
51 133
51 125
51 76
51 82
51 108
51 90
51 80
51 66
51 58
51 86
51 72
51 59
51 76
51 62
51 62
51 59
51 82
51 59
51 70
51 62
51 105
51 63
51 83
51 62
51 62
51 129
51 109
51 63
51 63
51 109
51 114
51 62
51 94
51 97
51 69
51 93
51 87
51 87
51 88
51 61
51 62
51 111
51 140
51 57
51 75
51 83
51 58
51 60
51 67
51 73
51 66
51 80
51 62
51 61
51 62
51 71
51 111
51 90
51 74
51 96
51 116
51 100
51 71
51 82
51 125
51 137
51 162
51 164
51 70
51 65
51 104
51 113
51 108
51 65
51 69
51 103
51 69
51 70
51 102
51 67
51 60
51 59
51 86
51 105
51 59
51 63
51 60
51 62
51 60
51 131
51 60
51 107
51 64
51 62
51 112
51 62
51 113
51 65
51 66
51 100
51 63
51 64
51 100
51 60
51 97
51 69
51 79
51 61
51 69
51 75
51 59
51 61
51 60
51 75
51 82
51 104
51 57
51 58
51 82
51 64
51 64
51 61
51 119
51 89
51 59
51 62
51 85
51 94
51 59
51 82
51 95
51 84
51 73
51 61
51 63
51 61
51 62
51 101
51 74
51 75
51 113
51 111
51 75
51 79
51 104
51 91
51 76
51 75
51 87
51 115
51 71
51 79
51 121
51 128
51 77
51 83
51 149
51 142
51 64
51 76
51 122
51 107
51 121
51 112
51 106
51 73
51 123
51 127
51 108
51 86
51 89
51 116
51 71
51 60
51 90
51 72
51 73
51 60
51 76
51 62
51 99
51 60
51 85
51 62
51 71
51 102
51 74
51 76
51 119
51 102
51 63
51 61
51 125
51 121
51 64
51 60
51 129
51 104
51 78
51 75
51 126
51 84
51 62
51 71
51 95
51 64
51 113
51 67
51 77
51 59
51 101
51 89
51 62
51 74
51 58
51 55
51 62
51 58
51 60
51 172
51 98
51 58
51 76
51 89
51 60
51 59
51 92
51 85
51 59
51 88
51 59
51 74
51 65
51 96
51 63
51 70
51 97
51 128
51 65
51 72
51 93
51 120
51 65
51 67
51 99
51 94
51 68
51 63
51 106
51 112
51 66
51 66
51 80
51 79
51 65
51 67
51 70
51 68
51 103
51 123
51 110
51 71
51 120
51 70
51 82
51 107
51 92
51 113
51 108
51 76
51 61
51 68
51 80
51 96
51 59
51 59
51 60
51 61
51 101
51 84
51 60
51 68
51 102
51 120
51 67
51 61
51 98
51 111
51 63
51 72
51 93
51 93
51 65
51 116
51 73
51 74
51 118
51 124
51 77
51 75
51 127
51 121
51 105
51 89
51 76
51 103
51 58
51 60
51 97
51 123
51 55
51 60
51 97
51 93
51 93
51 58
51 94
51 61
51 104
51 116
51 62
51 75
51 69
51 101
51 63
51 60
51 62
51 93
51 70
51 77
51 54
51 59
51 116
51 85
51 56
51 94
51 90
51 59
51 60
51 62
51 92
51 68
51 101
51 82
51 111
51 106
51 109
51 127
51 84
51 110
51 61
51 105
51 58
51 147
51 72
51 68
51 123
51 119
51 63
51 78
51 130
51 134
51 70
51 84
51 132
51 101
51 58
51 62
51 82
51 98
51 60
51 68
51 91
51 98
51 60
51 60
51 69
51 60
51 87
51 82
51 60
51 84
51 59
51 61
51 70
51 61
51 73
51 93
51 60
51 80
51 100
51 116
51 87
51 78
51 102
51 112
51 75
51 77
51 89
51 95
51 81
51 59
51 83
51 57
51 69
51 60
51 120
51 102
51 59
51 59
51 132
51 118
51 61
51 105
51 64
51 72
51 133
51 122
51 64
51 113
51 114
51 95
51 61
51 69
51 112
51 134
51 77
51 74
51 109
51 102
51 111
51 72
51 79
51 124
51 70
51 70
51 100
51 114
51 61
51 108
51 59
51 74
51 117
51 70
51 107
51 57
51 65
51 107
51 103
51 77
51 88
51 94
51 61
51 60
51 91
51 61
51 61
51 59
51 69
51 62
51 61
51 101
51 60
51 81
51 64
51 67
51 61
51 60
51 88
51 122
51 59
51 60
51 77
51 63
51 114
51 80
51 84
51 63
51 70
51 69
51 101
51 68
51 100
51 75
51 86
51 78
51 59
51 60
51 86
51 62
51 78
51 73
51 63
51 65
51 60
51 81
51 74
51 68
51 103
51 72
51 114
51 72
51 71
51 147
51 144
51 72
51 75
51 130
51 113
51 59
51 79
51 99
51 62
51 59
51 75
51 75
51 60
51 95
51 64
51 57
51 62
51 77
51 100
51 66
51 80
51 122
51 69
51 85
51 84
51 69
51 120
51 78
51 124
51 98
51 130
51 121
51 76
51 82
51 121
51 123
51 94
51 78
51 123
51 84
51 77
51 57
51 82
51 96
51 61
51 62
51 107
51 100
51 80
51 66
51 102
51 85
51 59
51 113
51 61
51 68
51 102
51 96
51 75
51 61
51 85
51 88
51 63
51 61
51 86
51 103
51 59
51 57
51 84
51 80
51 54
51 58
51 119
51 103
51 56
51 54
51 89
51 97
51 69
51 78
51 111
51 125
51 72
51 71
51 131
51 130
51 70
51 72
51 137
51 59
51 87
51 95
51 59
51 60
51 106
51 102
51 60
51 59
51 99
51 90
51 59
51 82
51 59
51 59
51 105
51 62
51 63
51 60
51 113
51 126
51 58
51 57
51 95
51 85
51 103
51 104
51 69
51 74
51 123
51 131
51 68
51 68
51 109
51 124
51 72
51 65
51 154
51 118
51 72
51 72
51 154
51 155
51 84
51 66
51 124
51 127
51 64
51 108
51 62
51 64
51 112
51 97
51 68
51 64
51 102
51 108
51 63
51 62
51 93
51 97
51 66
51 62
51 127
51 93
51 62
51 60
51 116
51 111
51 70
51 62
51 100
51 146
51 66
51 84
51 140
51 117
51 75
51 74
51 124
51 117
51 75
51 99
51 139
51 60
51 91
51 94
51 62
51 60
51 103
51 132
51 62
51 62
51 116
51 103
51 61
51 103
51 66
51 63
51 136
51 126
51 65
51 67
51 116
51 121
51 67
51 61
51 116
51 76
51 59
51 60
51 98
51 98
51 62
51 60
51 63
51 114
51 60
51 56
51 71
51 135
51 67
51 75
51 117
51 134
51 79
51 83
51 126
51 129
51 78
51 84
51 142
51 74
51 101
51 88
51 63
51 62
51 150
51 141
51 64
51 62
51 133
51 115
51 61
51 59
51 99
51 81
51 61
51 106
51 84
51 62
51 61
51 60
51 90
51 87
51 59
51 129
51 68
51 73
51 114
51 109
51 77
51 78
51 119
51 135
51 81
51 69
51 114
51 66
51 123
51 140
51 74
51 81
51 115
51 112
51 69
51 71
51 102
51 111
51 76
51 135
51 61
51 64
51 125
51 124
51 65
51 63
51 143
51 141
51 62
51 70
51 122
51 61
51 91
51 62
51 61
51 62
51 126
51 105
51 62
51 61
51 102
51 89
51 60
51 93
51 59
51 59
51 99
51 61
51 93
51 76
51 62
51 106
51 59
51 59
51 62
51 85
51 60
51 61
51 92
51 84
51 61
51 68
51 81
51 75
51 62
51 63
51 80
51 67
51 112
51 123
51 68
51 70
51 124
51 138
51 71
51 65
51 114
51 133
51 73
51 123
51 67
51 70
51 124
51 122
51 60
51 80
51 125
51 136
51 69
51 70
51 113
51 60
51 96
51 130
51 92
51 66
51 96
51 86
51 86
51 71
51 76
51 69
51 84
51 69
51 111
51 114
51 69
51 82
51 134
51 91
51 85
51 107
51 132
51 119
51 84
51 62
51 96
51 61
51 78
51 60
51 87
51 91
51 61
51 60
51 82
51 56
51 63
51 69
51 99
51 85
51 74
51 74
51 118
51 89
51 72
51 73
51 121
51 124
51 78
51 61
51 119
51 98
51 60
51 67
51 119
51 69
51 61
51 81
51 102
51 89
51 61
51 62
51 98
51 93
51 61
51 60
51 108
51 62
51 64
51 65
51 135
51 101
51 65
51 62
51 109
51 62
51 112
51 63
51 103
51 106
51 65
51 64
51 109
51 62
51 72
51 100
51 59
51 61
51 102
51 106
51 62
51 62
51 115
51 120
51 62
51 62
51 147
51 62
51 122
51 79
51 64
51 134
51 84
51 63
51 62
51 120
51 58
51 69
51 98
51 68
51 112
51 102
51 73
51 78
51 119
51 118
51 77
51 79
51 124
51 131
51 80
51 121
51 72
51 78
51 113
51 102
51 85
51 71
51 103
51 131
51 70
51 66
51 107
51 104
51 60
51 63
51 123
51 124
51 62
51 63
51 105
51 140
51 64
51 64
51 117
51 63
51 140
51 123
51 64
51 69
51 135
51 73
51 71
51 108
51 94
51 78
51 68
51 67
51 99
51 100
51 63
51 86
51 106
51 70
51 88
51 63
51 102
51 86
51 63
51 93
51 60
51 60
51 91
51 63
51 75
51 64
51 61
51 118
51 62
51 60
51 101
51 83
51 61
51 64
51 91
51 84
51 64
51 64
51 95
51 95
51 69
51 64
51 95
51 85
51 62
51 62
51 91
51 101
51 61
51 62
51 75
51 93
51 59
51 61
51 90
51 105
51 56
51 62
51 84
51 109
51 60
51 61
51 111
51 102
51 60
51 61
51 107
51 97
51 79
51 100
51 106
51 120
51 79
51 72
51 106
51 82
51 115
51 76
51 121
51 103
51 75
51 77
51 118
51 127
51 80
51 78
51 83
51 123
51 84
51 85
51 83
51 78
51 58
51 67
51 81
51 69
51 60
51 61
51 101
51 81
51 60
51 61
51 61
51 103
51 72
51 81
51 121
51 123
51 73
51 82
51 136
51 116
51 70
51 80
51 143
51 60
51 101
51 108
51 59
51 108
51 69
51 69
51 60
51 59
51 107
51 81
51 75
51 80
51 56
51 62
51 102
51 108
51 61
51 61
51 106
51 95
51 60
51 57
51 83
51 125
51 75
51 78
51 126
51 115
51 68
51 72
51 103
51 97
51 78
51 71
51 115
51 67
51 104
51 101
51 67
51 68
51 105
51 106
51 71
51 69
51 122
51 133
51 68
51 118
51 77
51 66
51 114
51 106
51 69
51 70
51 137
51 115
51 65
51 66
51 117
51 75
51 69
51 76
51 60
51 71
51 85
51 76
51 62
51 82
51 68
51 121
51 93
51 84
51 89
51 79
51 128
51 117
51 73
51 79
51 102
51 110
51 70
51 73
51 78
51 62
51 99
51 87
51 63
51 70
51 88
51 82
51 65
51 61
51 86
51 88
51 62
51 85
51 56
51 56
51 115
51 100
51 62
51 62
51 106
51 86
51 61
51 62
51 100
51 81
51 62
51 62
51 84
51 86
51 65
51 60
51 114
51 86
51 60
51 61
51 62
51 61
51 82
51 81
51 62
51 59
51 92
51 82
51 60
51 59
51 105
51 81
51 60
51 115
51 67
51 69
51 103
51 149
51 63
51 63
51 120
51 78
51 64
51 63
51 117
51 64
51 88
51 85
51 63
51 64
51 117
51 63
51 63
51 107
51 71
51 64
51 69
51 67
51 105
51 115
51 67
51 75
51 135
51 77
51 132
51 73
51 140
51 139
51 71
51 99
51 57
51 60
51 93
51 99
51 57
51 61
51 95
51 99
51 60
51 60
51 100
51 60
51 98
51 95
51 61
51 60
51 108
51 82
51 69
51 60
51 88
51 64
51 61
51 116
51 73
51 73
51 113
51 125
51 78
51 72
51 113
51 115
51 70
51 73
51 119
51 59
51 92
51 87
51 62
51 61
51 108
51 90
51 63
51 59
51 93
51 92
51 63
51 101
51 67
51 72
51 125
51 103
51 65
51 63
51 123
51 123
51 70
51 66
51 111
51 68
51 96
51 111
51 64
51 91
51 91
51 91
51 72
51 75
51 87
51 92
51 74
51 59
51 96
51 90
51 60
51 61
51 98
51 91
51 59
51 60
51 92
51 61
51 60
51 80
51 63
51 66
51 72
51 94
51 60
51 63
51 103
51 99
51 66
51 61
51 70
51 69
51 94
51 109
51 71
51 74
51 142
51 79
51 65
51 71
51 106
51 108
51 65
51 86
51 54
51 80
51 98
51 78
51 54
51 60
51 92
51 98
51 58
51 61
51 115
51 76
51 61
51 61
51 85
51 99
51 61
51 62
51 111
51 105
51 59
51 62
51 100
51 80
51 60
51 56
51 79
51 62
51 101
51 94
51 78
51 68
51 60
51 68
51 58
51 65
51 114
51 68
51 114
51 64
51 106
51 111
51 66
51 76
51 97
51 104
51 67
51 66
51 107
51 111
51 86
51 82
51 138
51 78
51 70
51 119
51 86
51 67
51 76
51 99
51 63
51 62
51 71
51 64
51 70
51 63
51 64
51 101
51 62
51 65
51 72
51 60
51 110
51 105
51 56
51 62
51 121
51 62
51 62
51 64
51 115
51 111
51 65
51 118
51 69
51 69
51 119
51 107
51 70
51 82
51 117
51 136
51 76
51 87
51 129
51 59
51 122
51 62
51 60
51 79
51 63
51 64
51 57
51 97
51 59
51 67
51 65
51 89
51 101
51 112
51 72
51 70
51 125
51 127
51 73
51 90
51 93
51 129
51 73
51 66
51 116
51 126
51 78
51 76
51 116
51 118
51 76
51 75
51 103
51 112
51 85
51 110
51 59
51 59
51 109
51 97
51 60
51 60
51 89
51 94
51 59
51 61
51 89
51 68
51 115
51 74
51 76
51 102
51 123
51 121
51 69
51 72
51 121
51 98
51 74
