Info: training using tau_insensitive_loss.
==================================================================================
current file=0
data/techniques/techniques.scores
data/techniques/techniques.dist
data/techniques/techniques.phonemes
D2_max=4063.87 w*phi(x,y_hat)=4063.87
predicted= 0 3 5 7 9 13 16 30 39 55 58  73
confidence= 55.6694
aligned_phoneme_score= 1.10626
sentence confidence: 4063.87
phonemes  =  sil sil ae t eh ae ae iy ae k s 
max phonems: sil sil t t eh ae m iy sil k s
---Normarlized---
    		phoneme		 score(dist)	 real confidence max phoneme	 max confidence
1:(30)			sil			0				1				sil			1
2:(30)			sil			0				1				sil			1
3:(0)			ae			1				1.15744e-143		t			1
4:(31)			t			0				1				t			1
5:(10)			eh			0				1				eh			1
6:(0)			ae			0				0.994826		ae			0.994826
7:(0)			ae			0.995057		4.13776e-21		m			0.995057
8:(19)			iy			0				1				iy			1
9:(0)			ae			1				9.28927e-129		sil			1
10:(21)			k			0				1				k			1
11:(28)			s			0				1				s			1
final_scores: 11 0 0 1 0 0 0 0.9950569450460991 0 1 0 0 
confidences matrix: 11 39
133.465595322986 193.0479707263235 126.1301025401198 118.1287080990569 103.3071125503009 189.8572442396832 46.37127816556737 211.4035500779384 222.2932366702006 142.5965445676616 96.22773716257653 210.5910987969021 359.8610273738731 138.873336316196 73.71293196077305 139.0028715388892 133.1803036666501 175.1628549638087 161.6099230143048 111.3236222591803 103.5391749572476 35.98993262297388 245.2065235966519 334.0847429304021 112.4908210913475 104.7023798719671 81.85116184505505 116.5040932937546 11.16801774406514 10.66439331882588 385.5142315926489 174.3456115472507 173.2479898729203 110.8278401491079 124.870008199482 233.2188931403993 202.5770338203482 92.65046419269953 66.45363626501086 
100.0789071934073 122.5004692380903 88.86781395314875 92.72556293321855 103.602039313543 236.5947544539534 206.3973955934802 266.258188946011 266.767744137956 181.1285463353259 120.2337287711824 172.7019822395718 267.6899555500644 86.40926699280074 118.4762904180425 184.6953206297334 227.2787481913824 247.0507746824809 132.732098715497 44.62238051379902 215.1543621081337 180.9681311099106 204.8672246602535 238.074527688041 77.25449040661032 65.47163405332326 208.4425063967492 101.4860629436514 134.3328674415044 92.61074146545047 451.0534643113036 304.3450856217874 205.1809215034957 77.48581295399764 103.8638057992637 210.8697582338783 186.0941594706327 102.7011954845168 97.52488386461464 
142.1773063710244 229.5974247576166 177.3258236129884 159.0180599340556 197.317736857176 268.2169247793157 344.4165423184234 398.3475644460998 297.415371737075 247.7442170849989 185.6051729894847 167.7974535996155 188.9802443170712 143.0036283335076 214.8496464996487 153.6656456603814 262.4050558014115 337.0285157878438 162.0833246528097 80.4911754055864 324.7243562096612 186.9868301932125 183.3091995414099 213.6545099005574 230.2679459213095 93.01113545942881 412.1809423940921 108.2375448112614 190.5583276385837 234.7747127225917 417.0631478242305 471.3007672734727 250.5945651457141 148.6281001795842 148.8580796485216 178.6609725250084 178.8562236245268 132.1709125511358 161.0012748062235 
146.2861625239294 263.8415402265734 190.0327736981949 159.4408839947144 200.2083910501161 178.0127006532825 284.816908616456 335.9234924359674 259.1112156611086 211.1411317769681 300.4754750033136 195.8951691812819 139.4860132172817 228.7257958832407 260.1446420976816 236.755632882613 214.4112663926072 270.2432748839589 309.2762943220417 112.4363561028202 265.6292985292423 336.5948181883322 103.2282874255025 178.8544584108962 213.6494356422383 192.728711710286 395.5035806315536 139.0641691097351 113.9253923444384 197.7346712256013 59.20660609923567 453.2748773547725 252.731076987713 176.1330185076643 113.5513991253529 234.8580426122903 155.9792891388017 106.8411432570552 150.5447224720654 
406.9440929505809 319.650423908141 310.9018076092029 287.6258092725707 327.0476972933005 146.0172188292709 200.955108840953 211.8483908904327 179.751851765489 198.1739033234906 445.0909910584438 185.6905851257782 115.8755157281993 240.2119677603432 329.524687419997 164.0836632263537 208.465340173143 257.3817331492434 255.228215349497 86.20530260631337 192.190018492321 215.1955577716988 117.6528767799655 85.83383309551033 284.0164824241379 226.1024539945037 243.8985277976155 242.4730148790547 126.4457394665961 132.3835697531299 66.30351303110703 299.6927793839994 169.7296847260509 233.4336452120088 77.51167561839989 213.4345440291613 150.3362277344348 186.5251109203674 83.90834385447175 
420.3939731952737 304.8658150181167 247.114270165622 224.0669661563196 307.1926451785971 151.9332690557113 128.6600083822477 179.0540117334018 155.07105614243 208.2358741858843 415.1349673432976 221.4672721792639 96.69247887038048 197.3518590749975 366.6305350660696 126.8848735368113 195.2046078161957 139.7445438181251 297.2655420137285 113.930175921262 126.0778406637255 149.4838554434652 73.46187916880467 88.66845370856866 262.8663847406362 206.0968062554802 194.1229091092378 304.6141968469994 92.21815999983312 163.8890867979796 20.63060984498838 254.3486115003666 144.5179091531636 241.7545234932171 143.3209701868773 174.0765067217225 133.8538881425283 152.0325499308609 93.09810369599786 
211.3977266916063 176.1554373190712 157.1752248973714 156.2236382685904 226.3928409566129 -210.031106263351 107.1854234524032 -43.07661636935555 93.83211403999842 46.83074290428439 162.5299837425394 181.7149578213156 233.6403989928245 122.8153777322325 205.6275701296702 126.7269813398158 3.858783877449525 142.8296710967366 164.7855470755583 136.4054317633919 57.48564034877998 112.8316345478598 258.3269025800979 252.7592270615806 154.5543152803437 164.9823231494761 73.17416778382386 172.0730251729283 58.42255012481574 89.75574502890994 251.5573967602097 233.6704107533156 158.0696188854265 123.1047788297737 107.9295975024975 140.5031790366284 175.9827844904312 108.7834118920799 61.42343077904516 
279.1063070541134 283.2091071320132 175.0110532855614 214.0202557207944 200.310782120196 112.4264970818974 200.8992506754211 161.6765249399537 174.1765704825827 244.2664968233869 291.7302227933793 323.1760451928045 235.3469244682418 144.5754090936034 380.7031724070229 71.60184275175592 144.2579556924328 216.5750869834366 399.0313546385736 459.3562787541078 221.2401292796989 158.4999175621005 247.2629249504017 248.3386045047449 284.5896135761675 231.6699481481873 163.9798194196577 159.9436853188803 73.63376805703408 203.2160977261116 95.84274514559486 303.8637182819235 137.043358700758 275.3139689774403 335.1483904342816 185.1590891942617 201.3928927176178 305.0538651235439 156.5775446952821 
100.5843138137162 123.2662894725364 62.45201796270739 98.22663249835814 99.04321232137384 -219.111321680598 107.6844502976269 -29.55900760179128 110.0847904863812 -53.88426424849681 81.60735845459692 93.81670874726642 184.6256313548515 87.99029371651753 142.585463966248 192.2885929750124 -33.82090329104506 158.9183068341755 118.7217678723667 139.8425337805636 112.5425570990869 99.64414922704231 140.6252310027245 174.333147589705 87.38653665794192 104.9814328083012 76.56469133972266 68.3506108148804 72.40033606143849 77.99738476200659 395.3889309087253 179.5223753814036 185.2488481616836 92.26186517212929 122.9273299110421 188.0241292171286 93.58101911275833 75.59715852598511 132.4084302260427 
278.3590015543347 307.3096361823428 276.1655544338642 274.3031027630951 265.3280302401859 355.9488181744338 303.8413364517331 410.8641108801297 297.0208792375536 210.569441867377 261.0294407232918 220.0969338825187 234.0703958283794 304.7500425281929 163.3767102159337 269.0987668126373 453.6525489390849 286.2704810365155 210.5504788233535 123.133226387581 307.2579137560108 523.6994247989613 234.9357800017469 229.9757346363141 179.4522341772305 168.8846696841132 284.3704267162099 325.6687944419065 319.808984685855 241.0202849098471 329.0723437459041 387.1557929391592 322.3087313591809 238.2232825507739 129.7755953680455 323.7350851041362 202.675839976684 245.694563956134 282.5064497603868 
174.3222088172787 200.5427503933869 158.8646271668316 164.7151281324111 206.5459959140658 -211.9519354790434 233.2268955227806 -13.56159287644832 103.3580554346638 -87.90057581363703 179.8712889599923 149.0041812729585 73.6731906714449 156.8200899793102 138.928820953317 288.3613148819713 -10.51679209914658 217.47387223913 159.9732078936757 107.9751915582367 157.3303823923391 197.6860342947414 123.1033275226496 108.9755497241717 164.9330276181667 137.4563072660751 134.9028878349417 75.34484663249384 471.3243400467443 223.9432493220099 166.0545381035488 170.4874921280618 254.4332483840005 137.6230543287456 135.2259259693944 191.3841560370267 27.86695483884942 95.9448962505418 325.0731148888891 
normalized confidences: 11 39
3.44086866937583e-110 2.58800405935509e-84 2.243386278424671e-113 7.5152357003927e-117 2.747928612152936e-123 1.064755879246032e-85 5.153315716893519e-148 2.424888521530216e-76 1.300237161980811e-71 3.178256679182769e-106 2.314577781655528e-126 1.076090183396974e-76 7.226948578955124e-12 7.677506092589701e-108 3.858478810687177e-136 8.739299079430621e-108 2.58682771188682e-110 4.421380274347847e-92 5.74902649389052e-98 8.327820904096569e-120 3.465683262159942e-123 1.597811955338576e-152 1.161814116021066e-61 4.618031244000801e-23 2.675712138674105e-119 1.109078648872632e-122 1.320700830120059e-132 1.480407786734829e-117 2.651581645829789e-163 1.602447077328278e-163 0.999999999992773 1.952691173391218e-92 6.515421652284355e-93 5.072428595018542e-120 6.362855204560115e-114 7.22728016762597e-67 3.559462916090494e-80 6.469666122766723e-128 2.714838856340653e-139 
3.747024694239675e-153 2.047609929520408e-143 5.067230089640617e-158 2.399770550886107e-156 1.269882078189596e-151 7.273872979067956e-94 5.587523873202298e-107 5.551772061881597e-81 9.241205653943654e-81 5.930585819893196e-118 2.122337023341152e-144 1.298635607393094e-121 2.324020542611909e-80 4.335480593111346e-159 3.66073735733749e-145 2.099558544527683e-116 6.544486853720239e-98 2.527886675745273e-89 5.68574593891688e-139 3.084771734130076e-177 3.550762521521e-103 5.051613877342669e-118 1.209691416397391e-107 3.19464836919758e-93 4.583194542438502e-163 3.498958542812299e-168 4.319164336048639e-106 1.530405552758622e-152 2.818334093428686e-138 2.139456149991847e-156 1 1.929126407999207e-64 1.65543223274935e-107 5.776042737550245e-163 1.649860155471658e-151 4.892623618702974e-105 8.504249218463436e-116 5.158600430524107e-152 2.913991743545546e-154 
1.157436210453404e-143 1.070464052647324e-105 2.129629972403313e-128 2.384203980356843e-136 1.02490061815764e-119 6.335893098648166e-89 7.850209761261975e-56 2.074085115863452e-32 3.037611546590353e-76 8.13998978372167e-98 8.394211324600826e-125 1.549478776816085e-132 2.45332312207435e-123 2.644625211205148e-143 4.213988732314439e-112 1.12932625465502e-138 1.89559351570492e-91 4.856261974973325e-59 5.111765959890553e-135 1.877373904660581e-170 2.201270927337152e-64 3.342150462995051e-124 8.449894745916525e-126 1.275416819472357e-112 2.093031329823528e-105 5.139257069300085e-165 2.11147665342716e-26 2.106909603265584e-158 1.188796808555598e-122 1.896879234284857e-103 2.785487164824767e-24 1 1.407713560183153e-96 7.328940908916235e-141 9.224015719946674e-141 8.093790435453509e-128 9.838942682170313e-128 5.22126150740033e-148 1.732378096692623e-135 
4.747829804398374e-134 5.37213597588174e-83 4.735948568057992e-115 2.451986575596018e-128 1.243430291875246e-110 2.852039800631804e-120 6.912477716862527e-74 1.083779884578373e-51 4.74016151883503e-85 6.960659875597176e-106 4.365788782458094e-67 1.6649952021597e-112 5.287225365504841e-137 3.016983954754808e-98 1.332307703946938e-84 9.265884873262983e-95 1.831689397842348e-104 3.238806729845503e-80 2.898744829523065e-63 9.456077005218674e-149 3.210410465956271e-82 2.12077285449227e-51 9.477582742828145e-153 6.617993421113982e-120 8.550528140337282e-105 7.018397789223243e-114 8.132884800462962e-26 3.467554169500163e-137 4.191709947805677e-148 1.047848687342454e-111 7.216461526152128e-172 1 8.034042423483944e-88 4.353314048070698e-121 2.883819220039573e-148 1.389229243057236e-95 7.694254436516096e-130 3.513507914988088e-151 3.357099618804892e-132 
2.710270574877405e-17 3.325476474256866e-55 5.276890677440159e-59 4.109040847011016e-69 5.425613988071257e-52 1.299903277859567e-130 9.400122610603235e-107 5.058547149070435e-102 5.816690714992501e-116 5.824669784005378e-108 1 2.207166520871769e-113 1.055688296459079e-143 1.052375487979784e-89 6.459397868562823e-51 9.121539605013227e-123 1.717060286938156e-103 3.012347624056202e-82 3.496585810048283e-83 1.373807462698364e-156 1.46724671742194e-110 1.437745141919655e-100 6.243581772261433e-143 9.475425305941346e-157 1.112319945565844e-70 7.843081953956312e-96 4.19974967636506e-88 1.009557386977712e-88 4.112685964188223e-139 1.559166434940684e-136 3.123837820822965e-165 7.150871784493366e-64 2.582879409722878e-120 1.19779541024157e-92 2.303199950913172e-160 2.471060382364736e-101 9.764112478922113e-129 5.084696641763783e-113 1.3815587574278e-157 
0.9948264328035079 6.675836862627133e-51 5.537687758163044e-76 5.420152556984164e-86 6.839671037822843e-50 2.55120231545461e-117 1.992031556761165e-127 1.531559207064292e-105 5.88123478922938e-116 7.221969088232803e-93 0.005173567196492078 4.026973406462573e-87 2.606000813414153e-141 1.354527796209851e-97 4.45228348035873e-24 3.3757085679296e-128 1.582153253484036e-98 1.297922581034796e-122 3.340020162676584e-54 7.983829557374985e-134 1.506173570294633e-128 2.202815302132429e-118 2.123504986891343e-151 8.534629970978506e-145 3.840474649180419e-69 8.504919877882222e-94 5.363802385951247e-99 5.190740670054706e-51 2.970315292510652e-143 3.972743927636675e-112 2.413929298765263e-174 7.676495264430631e-73 1.535659792203287e-120 2.603874570161917e-78 4.639498355941079e-121 1.05543339168393e-107 3.58896756603615e-125 2.817487751017117e-117 7.160729078819711e-143 
4.137764855731554e-21 2.047547579855624e-36 1.170125603834574e-44 4.518181369351498e-45 1.346049984570845e-14 3.913354032360082e-204 2.280014260730684e-66 1.258817666499972e-131 3.619669933946019e-72 1.40033790383341e-92 2.476137176948233e-42 5.317445882290632e-34 1.890756707727466e-11 1.399395456427838e-59 1.290680212839505e-23 6.994043380225516e-58 3.046128096005409e-111 6.887119631764922e-51 2.362399868909574e-41 1.116929943546289e-53 5.937395919733134e-88 6.457373183267344e-64 0.9950569450460991 0.00380046887852368 8.511104015421935e-46 2.876154244062456e-41 3.863998097499423e-81 3.453543530944735e-38 1.515272548741621e-87 6.142206350673815e-74 0.001142586036972488 1.948361735636752e-11 2.861955363660989e-44 1.869070828203382e-59 4.798751345639834e-66 6.724422041173803e-52 1.722867313974317e-36 1.127029087431972e-65 3.046187729860538e-86 
5.229159964507048e-79 3.164137600737288e-77 3.23919895367172e-124 2.830863863087091e-107 3.147532694759785e-113 2.139489758271536e-151 5.669423457791596e-113 5.239930710569387e-130 1.406132825959109e-124 3.869854117981997e-94 1.588286604298982e-73 7.205697397686657e-60 5.175752957236945e-98 1.960673584334572e-137 6.940486741392584e-35 3.984631011661648e-169 1.427371553563783e-137 3.643074932439869e-106 6.327298673971638e-27 1 3.867855414466984e-104 2.186464794007857e-131 7.745095812990376e-93 2.270850216515149e-92 1.258350692883994e-76 1.309432189984901e-99 5.243649166532343e-129 9.263238772839916e-131 3.039779335952669e-168 5.750859876321887e-112 1.343006939305819e-158 2.954193987577997e-68 1.050212963323434e-140 1.178800814521209e-80 1.140773683387244e-54 8.273201857302756e-120 9.288057840656693e-113 9.712101575561843e-68 3.197912382321328e-132 
9.289269355342324e-129 6.586253211200498e-119 2.554676338955133e-145 8.79130951888667e-130 1.989251443410159e-129 1.336383707494249e-267 1.125982528488805e-125 2.801916629039072e-185 1.241612712150368e-124 7.640652991447825e-196 5.325919038300641e-137 1.068680832195691e-131 2.928613203445528e-92 3.151143078245078e-134 1.617518665208216e-110 6.232237033571799e-89 3.949457351530289e-187 2.004992868384786e-103 6.998061736456772e-121 1.041381497017732e-111 1.45004215529813e-123 3.628050002514546e-129 2.277880525024909e-111 9.92414524448519e-97 1.722898781673284e-134 7.54442371680088e-127 3.438682339521733e-139 9.312412654728192e-143 5.343619673782779e-141 1.440797365614872e-138 1 1.77969715843503e-94 5.46162196271364e-92 2.257293521130856e-132 4.692779583394986e-119 8.76215405019257e-91 8.442854642845891e-132 1.306766210100747e-139 6.152047859235348e-115 
2.81843482913262e-107 1.054651230240035e-94 3.143446087610394e-108 4.881502688736724e-109 6.176309652819988e-113 1.402287965916002e-73 3.287346091716896e-96 9.91392892948762e-50 3.587224002419547e-99 1.021824459825727e-136 8.392190899625081e-115 1.403180377978732e-132 1.643277538646174e-126 8.1562675533859e-96 3.264625376813107e-157 2.68126134793439e-111 3.793397376374897e-31 7.689885615310638e-104 1.002630124306608e-136 1.087202376327006e-174 1.001488805662133e-94 1 3.904293792849353e-126 2.737928850501796e-128 3.128561541077538e-150 8.052111049532179e-155 1.150103097813406e-104 9.917220925683098e-87 2.828179344237998e-89 1.713994393477129e-123 2.982171872803546e-85 5.0101894053468e-60 3.444555069881454e-88 1.045410136015035e-124 8.337859794385348e-172 1.434137173649949e-87 3.812664150551653e-140 1.83663558126464e-121 1.783289559386788e-105 
1.031842218960216e-129 2.517965715945852e-118 1.997426830156999e-136 6.939228123038659e-134 1.01912209105024e-115 1.806691177266101e-297 3.940884330211415e-104 2.610447593909888e-211 1.564130794724388e-160 1.354268880564965e-243 2.651845263412428e-127 1.042638214105512e-140 2.005857625453048e-173 2.585470938874484e-137 4.389956818513981e-145 3.468708292826661e-80 5.483466000434633e-210 5.677309918933264e-111 6.052312885567329e-136 1.582959513160033e-158 4.306821175810765e-137 1.446750944462937e-119 5.882145704053082e-152 4.304471518813612e-158 8.628667005535182e-134 1.006828914894104e-145 7.834651996726972e-147 1.067311191539817e-172 1 3.662329127409316e-108 2.648558222642315e-133 2.22954886772453e-131 6.388453189340776e-95 1.189523451672245e-145 1.082214602822985e-146 2.651690432161619e-122 2.563921032317351e-193 9.43580461337132e-164 3.047192862190511e-64 
73
73
Done.
