Info: training using tau_insensitive_loss.
==================================================================================
current file=0
data/accuracy/accuracy.scores
data/accuracy/accuracy.dist
data/accuracy/accuracy.phonemes
D2_max=3451.5 w*phi(x,y_hat)=3451.5
predicted= 0 3 9 11 13 17 45  60
confidence= 57.525
aligned_phoneme_score= 1.49161
sentence confidence: 3451.5
phonemes=sil ae ae k ae s iy 
max phonems: ay ay ae ae ae s iy
    		phoneme		 score(dist)	 real confidence max phoneme	 max confidence
1:(30)			sil			634.703				1.91549				ay			636.618
2:(0)			ae			45.5215				615.137				ay			660.659
3:(0)			ae			0				652.094				ae			652.094
4:(21)			k			300.316				365.83				ae			666.147
5:(0)			ae			0				626.646				ae			626.646
6:(28)			s			0				522.629				s			522.629
7:(19)			iy			0				667.249				iy			667.249
final_scores: 7 634.7028762647502 45.52148557595581 0 300.3162916626432 0 0 0 
confidences matrix: 7 39
522.1660042155579 476.9124867383205 514.9642352679085 491.8353742219579 636.6183618139981 325.3689517603092 235.2345908875695 306.3278745219723 279.1635496806834 368.6634990512955 515.4354387640341 404.2692811943991 250.8911523996686 320.6962055468031 452.156867578793 101.2638690311093 257.9522143643667 334.1508325903735 285.8780427089939 167.6484915821945 203.3248023945285 267.9062827109124 214.1839756515664 150.3060431731275 420.1764805174095 388.5331303965288 314.2206839427741 394.4916525801057 109.932579622387 193.4826786749132 1.915485549247936 440.5576577663255 187.5521132565929 365.0750055101327 238.2330993202513 260.1563609032631 284.0578365231578 204.5090850675427 82.59616081195918 
615.1373875416732 486.9438086056615 515.9215394188029 529.503929439808 660.658873117629 99.37794217893641 259.7451692010439 212.4349376031294 193.9503420961969 289.2315861421944 530.9113962311384 325.0488554599414 224.2755779218767 269.7614118971234 480.6922551867832 101.3268314643957 88.97123058952675 366.9832931993163 303.8070500374056 113.2585239463758 210.725554333137 228.232304203635 194.2551813610194 164.4795112299377 400.6746576675903 361.4059220364626 338.5870390216725 337.9475041486153 126.8841424083654 256.6595193050582 25.45522595609931 463.1821102734058 172.3433960362711 291.1362597792036 174.7616218081053 198.4391550712846 227.4047626606432 192.366221066461 51.26628610608672 
652.0938891609446 487.700114613728 484.366681281219 474.9411916123702 634.1663126977224 204.4735294496722 291.7163074836127 303.0390481780028 189.6031775804124 315.3148798798209 582.0523683418428 344.3437164421529 212.5824035369619 322.3255230238889 485.9615820311968 159.6314529646656 184.3560746307397 358.0329450067811 367.6168240929521 154.6471187296749 204.3798391342789 274.5833627532508 191.2084307425469 183.3054082321136 373.8329027042839 373.4951479738915 304.41594034872 396.3439639007154 109.610364819229 261.2845515465398 18.07756644115699 433.0718109564335 183.4041065583137 314.7999640678698 177.8001908647216 201.8756564439693 238.1659005477344 203.7373943507011 43.25311584059831 
666.1466176605679 480.2373776650014 420.5958770306217 440.2582691267284 608.4933830858713 204.4307179663058 225.5268940084429 310.4816178443425 155.974145899858 339.8377730372397 606.922746408512 389.078711345337 196.4575347519623 362.5527952180293 452.6694119122644 132.4726734832253 262.2073995030387 313.0718580280864 446.5161201522948 164.6661338204498 176.990251416055 365.8303259979247 215.9911339312453 158.6521760289322 396.1206545476177 343.422620191011 323.582042523035 396.1643522235349 188.2330125103416 271.8517187336686 31.40064657622047 424.1406226063021 234.2541721014121 414.7355941895301 194.1592517139746 238.7262558168331 262.5428835104788 254.0600746807281 61.87888477259035 
626.6461796154883 551.7021785008587 454.9904650454522 399.7471701021988 453.4726304415479 232.4978328862954 286.8537786906911 332.2831480038385 302.0694184335433 439.7759095696861 564.4752791156519 337.067892777923 313.0432922519312 376.4007510438457 330.0773778856906 217.0680643293856 317.7367159023756 251.2029967233591 531.0483923493737 111.5331593983028 307.5781378298751 301.0074663231317 280.8897384400165 311.0817497387035 310.7253662380571 336.214135526907 273.9157589248691 404.1643887805335 252.6560630089341 272.005089651637 362.4682001415684 322.9863366701355 271.2932343478721 367.7804274249757 145.7965532970949 387.8490604621231 285.7392410060839 271.4455131287667 223.7061499931125 
263.388347518564 148.4287744865744 276.4862215666211 306.2446666576456 317.1484475961827 -2004.235555211949 251.1710143568711 -1058.338428259022 -364.3467459551905 -852.159421488642 230.9232177283399 119.3165859721527 4.5593580109973 333.3128064562474 255.2184319548463 372.6710474233421 -844.4285294528173 186.2713604972839 141.2609405940746 195.3330975276245 134.6016126824715 43.65058223381033 101.7798125093074 65.54623404133923 299.7375443486224 306.8416074154082 -145.8784364832715 71.27710464961507 522.6291310147976 304.0596687027898 368.4272213094046 78.88705579323101 371.155579334662 179.3437714247797 265.199077794901 162.9919539435824 12.77375455533803 -13.81352129743254 378.3400812750007 
235.4826240960405 269.9840849190489 53.22888372903647 59.83312225844227 85.6064214168664 65.90028514304581 228.8316583117714 131.7006280079414 292.5903516456178 220.6017587348665 189.3574640605334 254.8170564982731 450.2018081285408 160.5003864203715 348.8007977943256 208.1603130010812 216.002646958257 315.4866073652774 457.4997167620608 667.2492052072536 279.5306448665991 164.3100526175971 435.5788451133279 448.0139291290529 174.7824077079945 203.883249960113 210.2566339834276 266.4948402733973 137.0125376397713 202.7299647638827 222.6029815747108 476.1172407414433 204.0702363640689 279.8871535019874 492.9981388157346 323.710756397006 308.8487079088573 360.6676903560798 271.3225881236608 
normalized confidences: 7 39
1.967762383525804e-50 4.371391737937512e-70 1.466506999855001e-53 1.32296213820255e-63 1 6.700368959758077e-136 4.800021262201679e-175 3.602997360265872e-144 5.745761047211998e-156 4.252866038262917e-117 2.349228270570042e-53 1.236164910412834e-101 3.025529775876848e-168 6.262544461229002e-138 7.751592431671829e-81 3.151359303644154e-233 3.526806877814746e-165 4.365370439647724e-132 4.736034220105817e-153 2.132913187584037e-204 6.652702455521472e-189 7.419568255941764e-161 3.460008163543943e-184 6.269653399103723e-212 1.00111806942578e-94 1.81114388420772e-108 9.648671533350514e-141 7.009810188803541e-106 1.833458555110483e-229 3.536861700848835e-193 2.249278282902535e-276 7.110794274022825e-86 9.397368181924435e-196 1.175489515096821e-118 9.626730798391085e-174 3.196173587094623e-164 7.672012986110313e-154 2.174330359454543e-188 2.461587358486512e-241 
1.699299800106566e-20 3.601687751926729e-76 1.384760443640694e-63 1.096810719707892e-57 1 1.732961425792129e-244 7.680520800095676e-175 2.181816134814983e-195 2.046728892149457e-203 4.911100689024347e-162 4.481121787912889e-57 1.763685968673961e-146 3.027909577824688e-190 1.719450199860502e-170 6.942100647540845e-79 1.216692296498717e-243 5.238554635766692e-249 2.872871306640465e-128 1.050079981214468e-155 1.849477120049665e-238 3.948593511006241e-196 1.583169054410784e-188 2.776197321031467e-203 3.251180623102847e-216 1.231090126146152e-113 1.086662430140841e-130 1.336532967334886e-140 7.050715796909341e-141 1.529607039296633e-232 3.510022874405492e-176 1.36320494533594e-276 1.725566070157488e-86 8.458295927959063e-213 3.29889193104793e-161 9.495218966242418e-212 1.821910444744408e-201 6.920389947860295e-189 4.198414355570691e-204 2.208829267337284e-265 
0.9999999836260877 4.024304625043566e-72 1.435486609556018e-73 1.157606597479946e-77 1.637391234032376e-08 3.989769286080651e-195 3.090330077367859e-157 2.55510453261384e-152 1.389427921135517e-201 5.479420639364064e-147 3.813765599378928e-31 2.217165827608464e-134 1.326132911299114e-191 6.073209648422021e-144 7.073848276071911e-73 1.337461866124625e-214 7.312201741262254e-204 1.954135180597781e-128 2.839098144235532e-124 9.154034692195411e-217 3.632943098801658e-195 1.12011216426261e-164 6.918128305991083e-201 2.55711079534724e-204 1.421638072929022e-121 1.01415428543155e-121 1.012477414924468e-151 8.496082192658831e-112 2.525799354090707e-236 1.877851263450498e-170 4.468992225036053e-276 7.584378766481501e-96 2.822368290373377e-204 3.274232729845747e-147 1.039594615292742e-206 2.969654135927073e-196 1.711427999318785e-180 1.91094580856025e-195 3.835409875571694e-265 
1 1.822396762036201e-81 2.283853894048033e-107 7.905634021519216e-99 9.152049498827627e-26 3.015314080954249e-201 4.37809720857588e-192 3.440750436886363e-155 2.722141492526664e-222 1.931387355697817e-142 1.902827933714872e-26 4.68745568342212e-121 1.039018026871456e-204 1.415396682328735e-132 1.941008920770845e-93 1.691807353235516e-232 3.727576197461733e-176 4.587543467781492e-154 4.127498028471801e-96 1.621037591150818e-218 3.648289994718251e-213 3.752249472893293e-131 3.161967617248233e-196 3.962455544347755e-221 5.360610459778172e-118 6.962235690067087e-141 1.683043427634035e-149 5.60005005595416e-118 2.784572031735232e-208 5.7530898061548e-172 2.154404997123455e-276 7.909185480608206e-106 2.700810528563243e-188 6.509982436608272e-110 1.043497568283581e-205 2.364260890337938e-186 5.213452044442546e-176 1.07916615701605e-179 3.714137816194221e-263 
1 2.832917088724495e-33 2.824036951960643e-75 2.877479372735474e-99 6.189893575691024e-76 6.661130838990753e-172 2.6917534955298e-148 1.444640196486922e-128 1.091700890730709e-141 6.97064374363757e-82 9.988976190715916e-28 1.728812712732423e-126 6.36790402276904e-137 2.088292120540966e-109 1.591497292374075e-129 1.325820173542519e-178 6.955438288058935e-135 8.853141421300824e-164 3.036746280095921e-42 1.946515037573257e-224 2.694698004975744e-139 3.774884977867897e-142 6.916486203645534e-151 8.955903792092297e-138 6.270960017398794e-138 7.361492677807721e-127 6.473284500430223e-154 2.384437352166446e-97 3.785786092076155e-163 9.579251431215127e-155 1.85763880275992e-115 1.324969353664869e-132 4.700853774937244e-155 3.767317907170869e-113 1.477953140510652e-209 1.957622091384643e-104 8.830752631450402e-149 5.474072896303274e-155 1.012438372603958e-175 
2.589156150726952e-113 3.067962405882497e-163 1.263259773798563e-107 1.060281442090595e-94 5.765978963554003e-90 0 1.280082226563376e-118 0 0 0 2.059356434977382e-127 6.975690535462759e-176 1.01194368274969e-225 6.038998337039374e-83 7.328397136919538e-117 7.482242497237492e-66 0 8.349804727081261e-147 2.365371320772029e-166 7.196787968346333e-143 3.032424254649973e-169 9.599736544041949e-209 1.688353025134173e-183 3.100416732691521e-199 1.582755561484821e-97 1.926057450884752e-94 4.686539966613149e-291 9.556647203744272e-197 1 1.192582975422229e-95 1.073894247483159e-67 1.928702942138807e-193 1.643888476199543e-66 8.185827940427761e-150 1.583246040331635e-112 6.479753884461828e-157 3.737863476473394e-222 1.061490821484097e-233 2.168013084462627e-63 
3.063065989421844e-188 2.950872235692875e-173 2.159546727279525e-267 1.594215238401038e-264 2.487416787193109e-253 6.878319065592226e-262 3.959848893695177e-191 2.595422894071175e-233 1.939667557725076e-163 1.05554958871481e-194 2.846124362596562e-208 7.638246261831273e-180 5.4640307812743e-95 8.351880848393177e-221 5.007418502031106e-139 4.170877280232226e-200 1.061963951039489e-196 1.703902802702704e-153 8.071506228326971e-92 1 4.130177463165569e-169 3.769652326197621e-219 2.436918419938986e-101 6.128149627912224e-96 1.331641512941529e-214 5.790586244432641e-202 3.393501509522298e-199 9.007218758368723e-175 5.261882824584901e-231 1.827498956104022e-202 7.809058517909857e-194 9.827487886392187e-84 6.981193855457982e-202 5.899272337789434e-169 2.107285604677143e-76 6.35546542049657e-150 2.231730310690019e-156 7.134110742595718e-134 1.125265391491029e-172 
60
60
Done.
