Info: training using tau_insensitive_loss.
==================================================================================
current file=0
data/changing/changing.scores
data/changing/changing.dist
data/changing/changing.phonemes
D2_max=4177.44 w*phi(x,y_hat)=4177.44
predicted= 0 29 51 57 66 81 83 96 112 144  171
confidence= 24.4295
aligned_phoneme_score= 2.83011
sentence confidence: 4177.44
phonemes  =  sil sil ch ae ae jh ae ng sil sil 
max phonems: sil sil t ae iy iy iy iy sil sil
    		phoneme		 score(dist)	 real confidence max phoneme	 max confidence
1:(30)			sil			0				1				sil			1
2:(30)			sil			0				1				sil			1
3:(6)			ch			1				1.97749e-58		t			1
4:(0)			ae			0				1				ae			1
5:(0)			ae			1				2.17016e-12		iy			1
6:(20)			jh			1				2.12584e-14		iy			1
7:(0)			ae			1				2.28434e-41		iy			1
8:(23)			ng			1				4.41764e-44		iy			1
9:(30)			sil			0				1				sil			1
10:(30)			sil			0				1				sil			1
final_scores: 10 0 0 1 0 0.9999999849779084 0.9999999971196087 1 1 0 0 
confidences matrix: 10 39
16.42741719504765 163.5395283324048 33.99447735450768 55.17014311614352 26.85947746697096 180.1016287657296 88.68705769742226 233.0595578329529 237.8277446808224 42.39990489852079 65.07231138274049 100.3290793551043 186.5272079120036 127.9595388575425 18.19320552373324 234.9285087809384 157.7671740587932 203.8879582202877 124.2001312219289 33.72099614234723 117.4912407866745 199.5983016712047 184.0474114634872 174.7865014863179 59.79991322366697 44.89789934242982 240.0004150344705 96.47476741020463 109.6816021523999 34.84927710689227 446.1446606193815 217.6123011520668 240.682527230414 73.82487727096037 79.67265478074424 240.6181406050341 128.2859350508852 89.92870499112855 160.6238880435602 
35.32481220299365 238.2717818056188 75.24092233656182 62.7755203656373 65.17371350286376 -253.568022653227 162.6519527006619 66.89170147470563 256.7783846139346 -43.85360943515548 110.9950533682327 181.2643289174651 250.4964262047732 166.7625123912661 45.2702063768253 331.4699405916858 48.03577460892893 290.5809901296682 206.2799666304934 63.70506053225532 163.8092783047725 297.4222879287923 225.392560806308 228.8072688570535 84.46806524864454 49.14068383131836 282.5847658284616 135.3744014210177 219.9230926506542 72.27834725502936 484.2622163081317 326.8158576883854 328.6515517408455 122.2692001695647 117.8445563339763 333.3855955395375 163.7883773960542 118.0549018643816 256.9427527972797 
120.5687486902805 204.4481592835797 93.89577525759751 73.00237408995412 108.0032614778791 215.7022497561447 322.2868293753062 295.5780259550551 201.7123057282064 96.53891958837751 190.1673752919825 103.1847955624272 138.8529467391417 49.27328017708507 140.3348845464475 313.897342843046 218.4078404534135 214.5190299135283 173.3519848586631 85.16550411835541 336.5792896095797 343.5453024612389 100.63059035608 97.52745099649849 107.9110970262616 52.26578361984349 219.2023306345114 52.38233216725346 391.3662675508295 279.0902400299973 135.0151691947397 455.1549342821741 233.022245299485 141.5035284520716 84.83510344249191 226.5287509001445 76.20875257439312 160.8094838236173 263.307696782549 
516.5202207096164 261.3323176941505 247.3092731695103 346.1675680153028 356.8012792789117 103.2508688793181 290.4091885963292 141.3338911954245 155.8403796019915 226.7634048127208 450.4195181421294 260.1011164050396 281.6990135712516 272.9277127468042 450.8580353258652 197.8480606586853 170.0475887363476 287.5512124379213 414.67518496784 408.8522340935216 286.9332267165053 217.246263875316 272.6320335317259 235.6693505516351 271.4349477802888 305.7106390413326 209.8751389673226 283.2572903428263 159.1568212220199 261.1153370107789 80.82100290982463 354.2963670346719 212.110594498094 282.3003817428519 344.4846646793565 231.8723546967994 225.1089720557257 322.9098789408167 201.2662938747895 
381.8929091673385 265.098093599619 250.5535699280059 282.8860745691622 330.4897267122787 -214.2781679665061 189.1019062045746 -60.25583491654484 97.99176391434163 92.47179595347001 342.9762843966184 290.39680452007 280.3510020342369 185.8312149416026 390.7350970127573 104.5991405235729 -31.14415301473795 196.6881581999029 329.6788322544976 408.7491299186133 183.0487829538419 10.08100492729123 249.5643885977186 263.9658483265526 311.6330109111795 281.8541219524614 55.99914581114375 146.6827693717934 103.9428903288734 200.3495762665883 4.383283672208087 166.5256702653237 128.1543104456363 264.1000108709007 319.4059935478288 179.7952685936205 236.5627679707886 228.1267216841371 145.661966051376 
250.6547114123227 185.4508578689166 295.5012388722359 170.178347186411 297.6414760593237 255.8302789530967 366.2722770680556 380.2349486882249 279.1307407974784 415.9658309954559 314.7874109581696 256.1861463886822 253.9423368188345 161.5409529774195 379.9948844456447 149.3504695935376 321.9261664927596 394.330871335855 287.9363039792618 451.3685177255221 419.8864938145227 322.6237656508462 219.2494203590787 238.6126942567408 192.0939691086214 238.6588717894178 206.5884482191489 26.94026694688045 241.2447097720766 406.072478683602 31.89818071616735 324.6859149052933 273.346446511119 232.431418528537 137.268701612183 324.1965887007099 358.3196748601308 431.7031631821436 394.8154259590984 
374.2385392473676 145.8437911761403 186.9629981692379 199.7997895928908 252.9632882225032 -183.3059868886388 177.4101670736114 -63.69128433925886 30.37772094813393 86.68715852453437 293.5482705302302 199.5505086621872 119.7317424578006 108.5757500983547 406.4522769269334 43.29227032649653 -47.84386816227862 180.3201969121603 305.7204336410495 467.8184495290346 151.864633105782 54.87000091288218 115.5251645767628 154.6240640002099 197.6225200802497 231.1631516616152 63.11255201585878 83.87878805624763 77.47452589119862 170.8200116607617 34.46426186314247 186.6318968984123 86.35587145268445 180.1680064495816 217.7075059580777 100.7329948026567 137.5938958920806 195.4414338207746 122.5163339729535 
332.8242270009484 317.1166409860369 186.5696797856878 242.8585905045435 245.9922619945103 -189.6459000812129 187.8998524276673 7.344387219709603 152.3072671295977 79.68528541133199 320.7238018825618 276.1149461201082 356.7700145682282 225.7746046480669 344.9021779090457 197.8695434382567 -11.97247502650907 332.6968493408702 355.5062875403125 397.0670424317289 169.1842553061782 76.82949661098689 358.8708166685749 297.2389031904299 280.6350433659971 224.8367288767015 117.5105968851528 188.8131418672758 80.01207473744579 188.3079684253185 92.41096757408521 163.2037665263418 213.9956348138137 268.3717631138258 339.6050794572453 284.5505108587038 259.9251822300177 238.8099889082549 132.9455236212461 
55.63010522390537 108.8388360192623 53.17025467015265 83.65498619222659 52.39055056995355 -1351.52548333226 95.43805474620295 -603.3219965945318 -108.303014407219 -556.6660171532315 75.37216903236379 37.37065037718526 87.02131808966843 159.2418573553158 37.51221727065668 318.0491715129118 -537.7127942497794 207.0285681964919 74.91491941066919 34.49247493165612 37.15821732112296 125.9493591250666 150.2930996888539 116.6089745494813 64.92698245860227 50.72952545798835 67.77805473102822 18.94435654053922 143.2338128468041 61.63723159244765 453.7206939037034 161.8544234718682 268.1590604355069 53.68906690527047 95.93621983988751 227.6313749946223 28.30425300732547 -32.46024779033785 151.7536990110444 
49.47740066960539 219.3978162919061 64.39981306821022 83.93665506943866 55.41780362882188 -573.8669221088293 145.4236675995343 -114.6456576666772 159.9882549634309 -169.1296667407117 95.61724539771951 132.9865737735472 211.5796544829498 192.5586981663541 31.96714851266091 333.6769134849073 -97.49911268059475 289.2002013287201 186.3323221893476 56.11509850974917 143.0601643329662 274.276537391917 246.6775408381445 200.4464264931352 82.79644479330236 43.3687058073224 244.0439748514003 155.0453637242702 159.9963090633522 79.79574174266169 481.246468051358 296.2203571443176 294.4205686882302 132.1429774517339 139.0933244801407 327.897870855155 153.2956314471146 109.3346361989692 206.2376706836405 
normalized confidences: 10 39
2.377784009611357e-187 1.845654858347372e-123 1.012627442344965e-179 1.59193189303448e-170 8.067864825083355e-183 2.877261384699457e-116 5.729748197160541e-156 2.872868080673664e-93 3.381527477728366e-91 4.527729709970082e-176 3.179666128907692e-166 6.519305017334046e-151 1.776531381208772e-113 6.515644715622324e-139 1.390095154458164e-186 1.862047552650432e-92 5.744455660387223e-126 6.155324368667928e-106 1.517984733156766e-140 7.703326602747681e-180 1.851967274000065e-143 8.438723855157591e-108 1.488027541670783e-114 1.414649560833274e-118 1.631578950576895e-168 5.504852615681564e-175 2.969557003304854e-90 1.381321881615066e-152 7.515369596323957e-147 2.380589469899487e-179 1 5.618978198096901e-100 5.873936254054494e-90 2.011743414688403e-162 6.969956895127786e-160 5.507651763580022e-90 9.030451423215517e-139 1.983243797641655e-155 9.997789798689731e-125 
1.068963009667392e-195 1.471335435404657e-107 2.31371065840474e-178 8.925935752694933e-184 9.821454354196425e-183 3.665967092142049e-321 2.120494702497446e-140 5.47379462414501e-182 1.603345705925832e-99 4.387438823545733e-230 7.800651205775212e-163 2.568558597457312e-132 2.997832063800513e-102 1.29309544828708e-138 2.229423051185473e-191 4.397013296356842e-67 3.542121954240873e-190 7.679133582604398e-85 1.878637114106536e-121 2.261246572641017e-183 6.746170535421566e-140 7.185386036288908e-82 3.752641554392215e-113 1.141105890147958e-111 2.352915321128194e-174 1.069349050216289e-189 2.585807152249108e-88 3.019584526696353e-152 1.58116518931243e-115 1.195856413634771e-179 1 4.187118534835072e-69 2.625107260388035e-68 6.143708527240473e-158 7.35922703562439e-160 2.986181165804697e-66 6.606632753777404e-140 9.08205451597195e-160 1.889780520405166e-99 
4.909823456418156e-146 1.316530856228362e-109 1.279795853154407e-157 1.079572624530302e-166 1.713736780031885e-151 1.016296508192e-104 1.977494198274866e-58 4.973123842826306e-70 8.536207037829524e-111 1.799051916841841e-156 8.267331603023507e-116 1.384557381394432e-153 4.283435138551357e-138 5.343641529143207e-177 1.885339676607335e-137 4.493735548192794e-62 1.520699991578107e-103 3.112824133758981e-105 4.116556507584259e-123 2.068388513550452e-161 3.186044450133654e-52 3.377168835206562e-49 1.076548828097227e-154 4.834565316731275e-156 1.562851107505039e-151 1.06528312790407e-175 3.365784027388968e-103 1.196964967269087e-175 1.981226054450519e-28 3.436171475256511e-77 9.227128838750956e-140 1 3.38063999002807e-97 6.066318478306287e-137 1.486417901241745e-161 5.115759725838483e-100 2.665411983860059e-165 1.470263218081987e-128 4.806217113841435e-84 
1 1.49039667129655e-111 1.211074933701692e-117 1.039400585861717e-74 4.314645124584357e-70 3.306746940285004e-180 6.327416981758598e-99 1.14458330366377e-163 2.284206027568472e-157 1.446151399234295e-126 1.962590195954415e-29 4.35108879184048e-112 1.043387203217482e-102 1.618519584247567e-106 3.04281268526206e-29 4.003495582983843e-139 3.379463837089224e-151 3.630974348082214e-100 5.878451888377989e-45 1.7393522166455e-47 1.957200833494629e-100 1.064074337899241e-130 1.204220752675349e-106 1.066637510963436e-122 3.637628728083636e-107 2.796159552132211e-92 6.694730463153782e-134 4.956744223238223e-102 6.295751365540938e-156 1.199688120584858e-111 6.001142507856268e-190 3.524321472387284e-71 6.260068682427894e-133 1.903778353523072e-102 1.931556093833072e-75 2.393329561568916e-124 2.765048447036717e-127 8.243220753489011e-85 1.221684819164003e-137 
2.170158810927865e-12 4.103435397150894e-63 1.979434921835705e-69 2.179563767665405e-55 1.028899660507733e-34 2.646564281437045e-271 4.059034747271286e-96 2.05935766404528e-204 1.095949964773292e-135 4.390349571741363e-138 2.724056582222406e-29 3.983255389893208e-52 1.727434410852425e-56 1.541628042381217e-97 1.501775121977123e-08 8.115923192034129e-133 9.052626227382656e-192 8.000002984289355e-93 4.573050902255174e-35 0.9999999849800786 9.540798924108152e-99 7.254929541855837e-174 7.361142661920707e-70 1.322573224612086e-63 6.652814354154678e-43 7.766015494624461e-56 6.347875554579788e-154 1.534707853513495e-114 4.210484665220123e-133 3.1133203564907e-91 2.433012266549167e-176 6.363383221997464e-106 1.377901731000336e-122 1.512466551386242e-63 1.580406734744023e-39 3.686391105879509e-100 1.661166409105389e-75 3.6031703007835e-79 5.529635012822007e-115 
6.777998605164956e-88 3.261577349246663e-116 2.030957724830254e-68 7.597322603996388e-123 1.726609331785373e-67 1.199007497541563e-85 1.10451660799966e-37 1.27962727310233e-31 1.577916086093747e-75 4.215106065505074e-16 4.825907545376567e-60 1.711485256835438e-85 1.815093693086879e-86 1.347373263432961e-126 1.006525800911341e-31 6.842711973097926e-132 6.079965763857397e-57 1.69381085186976e-25 1.052667957522322e-71 0.9999999971196299 2.125840785819038e-14 1.221418795418322e-56 1.555811108893922e-101 3.993189067849184e-93 2.503192428265929e-113 4.181908450561605e-93 4.935902043614782e-107 4.711429769546346e-185 5.551235963694297e-92 2.129022203816808e-20 6.704205430436886e-183 9.603833911764914e-56 4.852849393505061e-78 8.257069376659348e-96 3.874209430148969e-137 5.887527792783018e-56 3.885089203206045e-41 2.880348491116986e-09 2.749820276511616e-25 
2.28434317232831e-41 1.472931549500539e-140 1.061762205168355e-122 3.99001880594264e-117 4.89315571046833e-94 1.660543402395528e-283 7.538508530449008e-127 1.473178944796398e-231 1.051732798221961e-190 2.997667338884635e-166 2.067392329114191e-76 3.109665031433882e-117 6.727657830629349e-152 9.613421253788825e-157 2.233622950697581e-27 4.271918404308142e-185 1.123830724726548e-224 1.383870117952036e-125 3.996926595221177e-71 1 6.067377142299484e-138 4.557927947487982e-180 1.002236773671365e-153 9.580906496514933e-137 4.522710691110809e-118 1.666901828590841e-103 1.731657173510912e-176 1.807688680615641e-167 2.990803771425491e-170 1.035660231277896e-129 6.261344322013585e-189 7.624858825589169e-123 2.152322218035103e-166 1.188501826707534e-125 2.388896551493137e-109 3.774093240550508e-160 3.848562701028289e-144 5.106990860346744e-119 1.089423212156567e-150 
1.258055371805051e-28 1.896626551888287e-35 3.820823248244301e-92 1.066891524793918e-67 2.449381883774093e-66 1.562451716232746e-255 1.44491927997716e-91 5.566745525816047e-170 5.037095610562878e-107 1.454970772483431e-138 6.991202777599164e-34 2.959184184679851e-53 3.156626235904204e-18 4.0610606806762e-75 2.213539053102498e-23 3.087630897509153e-87 2.271928646332462e-178 1.107593355150952e-28 8.920588104983816e-19 1 1.075878009089286e-99 8.367600781463676e-140 2.579823066600347e-17 4.417636614304113e-44 2.717848778045353e-51 1.589736723036812e-75 3.892049173293134e-122 3.601472890379254e-91 2.017330572891415e-138 2.173132024133429e-91 4.892691252915016e-133 2.719379094056904e-102 3.112417706020533e-80 1.283365455737991e-56 1.108119406776697e-25 1.363613257531202e-49 2.754526002605357e-60 1.861379525356188e-69 1.965539738787874e-115 
1.29256990128718e-173 1.658487536851737e-150 1.104471508172064e-174 1.91648400634921e-161 5.064462138260648e-175 0 2.510885173076943e-156 0 8.245268103785373e-245 0 4.845330572715837e-165 1.518705466798322e-181 5.552448851859726e-160 1.286667258587029e-128 1.749666500926827e-181 1.198412897341534e-59 0 7.294089306524347e-108 3.067202323938756e-165 8.540786041226737e-183 1.22804718019582e-181 4.474226642669823e-143 1.671360658681026e-132 3.928624308619738e-147 1.409407313369899e-169 9.619650382454204e-176 2.43916666522434e-168 1.510204712319514e-189 1.436351901410164e-135 5.251893040356552e-171 1 1.754241164318089e-127 2.579921737887293e-81 1.855546352847622e-174 4.132160704860071e-156 6.466307905487784e-99 1.753828841754173e-185 7.149897498266829e-212 7.201125855052528e-132 
3.055459838084831e-188 1.907987156995945e-114 9.242680507231835e-182 2.821893478903864e-173 1.161343798201791e-185 0 1.425643264155928e-146 1.611899613147032e-259 3.015301819802193e-140 3.509405062489759e-283 3.337002568129261e-168 5.65782677961373e-152 7.676988937784582e-118 4.212059970774003e-126 7.594001718721617e-196 8.153738046889037e-65 4.508041051699322e-252 3.938819617125845e-84 8.325566938108337e-129 2.332341415334685e-185 1.341388071049054e-147 1.300472565092958e-90 1.342793670130135e-102 1.122254700409018e-122 9.023054588376011e-174 6.793664711388338e-191 9.644197811116297e-104 2.151099008035574e-142 3.039685424134004e-140 4.489157142268726e-175 1 4.407385363241908e-81 7.286900341452346e-82 2.433774964967275e-152 2.539672878883606e-149 2.520869884948623e-67 3.739050469026503e-143 3.02512741920377e-162 3.674487957144099e-120 
171
171
Done.
