Info: training using tau_insensitive_loss.
==================================================================================
current file=0
data/himself/himself.scores
data/himself/himself.dist
data/himself/himself.phonemes
D2_max=4436.29 w*phi(x,y_hat)=4436.29
predicted= 0 32 60 69 73 81 93 95 113 138  171
confidence= 25.9432
aligned_phoneme_score= 2.78491
sentence confidence: 4436.29
phonemes  =  sil sil hh ih m s eh ae f sil 
max phonems: sil sil hh iy iy s ih ae f sil
---Normarlized---
    		phoneme		 score(dist)	 real confidence max phoneme	 max confidence
1:(30)			sil			0				1				sil			1
2:(30)			sil			0				1				sil			1
3:(17)			hh			0				0.999999				hh			0.999999
4:(18)			ih			1				8.88302e-42		iy			1
5:(22)			m			0.999967		1.05342e-49		iy			0.999967
6:(28)			s			0				1				s			1
7:(10)			eh			0.999985		7.28354e-06		ih			0.999993
8:(0)			ae			0				1				ae			1
9:(15)			f			0				1				f			1
10:(30)			sil			0				1				sil			1
final_scores: 10 0 0 0 1 0.9999671303159695 0 0.9999854329171879 0 0 0 
confidences matrix: 10 39
14.03505488679513 167.8311594621714 18.25396508293207 46.4737627581402 25.37506243727296 186.2606191259487 86.78236138524419 236.2878662578304 237.2835555256598 44.210647294443 58.81197482547527 101.0823451827007 209.8681338204499 113.0737826898835 24.08766486395281 228.3181039232871 157.3179553950907 211.2058874631562 138.0385258108091 39.44910692633817 124.4456416297141 197.7524256259009 203.8650208508009 184.0146478362983 55.18955157123625 46.67163394701768 232.4869912835977 98.62393228950052 72.45979834234515 39.44531369108623 445.8065285596876 224.988828529065 225.8057650499799 81.46529907590991 90.04932254168948 256.0634184345803 146.508728827261 98.79613005100441 143.5678777232319 
33.02725904333066 227.0896936025256 55.39284195653102 59.24438749827877 43.46170463072738 -660.1989496520138 142.9370951319592 -162.9850842786233 136.164451264467 -206.9464514420734 99.63871663766528 156.0305564375685 233.7030198980646 172.2869941175993 38.01778117772693 312.8807196313325 -149.1274955655328 287.9839000551871 199.4787800968849 69.02770267565941 134.3681118420236 263.7564247444691 234.3285017070234 220.2013607858836 89.16314709538996 48.92577880344819 236.8472679700033 130.2689677171123 128.5221300063408 63.32987340613561 483.9418229505772 287.208328431044 285.0868114588505 131.7719233344739 140.2989292505086 321.5582851172497 164.6406906310105 98.56819347176616 192.4277441372445 
83.59501836009117 179.3895970570451 28.05819360341029 30.80848231236865 43.23299375737703 259.9704251874721 244.4292314955842 333.5162810976968 276.7916789234475 165.9593514072475 99.75737814626436 177.8034768673814 242.5301984384533 31.69685910095042 54.56343758208887 293.4825929781842 262.2283157896779 404.471682393622 205.4220484897653 201.0240399259962 266.3111855942759 342.8909499017366 158.8216401251699 201.0357428350314 81.75612551517112 16.20581237991642 335.4611458136781 48.78457468999274 129.1654133960672 218.4201807085919 321.0882130576948 390.2759904586118 254.5296496688424 105.1644146550107 65.91694076094424 280.1761883626926 153.2128772107746 210.7209889085342 119.6372374550829 
304.4334141084247 199.9116871795916 273.6398133102084 279.4278376965735 215.0944795198822 221.1662472078046 165.7901195569308 221.5971290644631 223.5084550783006 255.8256981547155 322.8345916421813 293.6259936532457 199.6731205945453 313.2856299296446 399.9340669853366 156.0694797680819 223.6287708389753 227.2938089362833 404.3839432726655 498.9083751712515 251.9935284223185 205.4523757054604 194.1405419436725 195.1248676249775 167.3233502993491 236.4462024706191 155.82162013074 138.1362641076965 57.64509889367488 65.54444191901968 65.37853894555215 222.3710504293162 175.4367393676663 299.8979418922739 383.266560786068 144.954153918854 167.8004803190889 417.507552238175 128.1693784626614 
320.4805013253744 333.0812666414363 260.5018516758703 254.1746336161043 279.3440150139572 168.403492703321 200.8827710460315 151.36174788914 247.5372238846212 274.4624149897734 342.337705670783 397.9985470400726 398.7728011479833 311.9291708316475 398.9692643172605 221.6039788561874 192.0383649719785 247.4013379751372 449.7100892028508 460.0330161156632 223.4974896121544 77.12130521914624 347.2584248941976 358.6036002291523 334.9814752773941 307.2973617488393 155.196664254275 303.9465296369324 145.0429193202823 207.4816762456146 92.02872054382755 218.2036947926694 198.9502985034236 360.21120487451 420.9096152272886 266.6167230038543 335.2778183804773 320.4889845263573 174.8494422085097 
190.3676145877627 207.0226400920921 135.2886731868674 117.5899938665321 158.755792787873 5.619999391928815 221.6413994352619 122.7372508283423 256.3182752409377 95.64094027313735 197.8075506390005 213.8196194912767 230.996740505339 149.3868344236454 208.1386049790761 290.2879026532037 137.2350350783792 237.4067164172145 233.8702695551698 225.1141106421946 221.8830512983573 182.9401316713109 173.2705962168405 203.3644942188019 186.1021043265919 136.4977768213812 144.7968316861929 79.64697003597237 512.4556565092101 224.2137363268695 142.0368106977892 256.6742404491757 361.967661291433 205.1040043233516 202.6614556888136 235.188905641821 140.5820283907013 163.3033197365428 410.865646506683 
430.1704588564902 289.2981119365749 222.1388059356362 337.8948067674933 225.4257711684874 290.3051217780529 206.863600851979 220.6232639057036 295.5063961198477 243.1131957675863 510.0511583741754 245.1144699483373 282.052743209237 207.4599905566742 451.8228559056844 235.0704357548671 268.4250203749381 255.9842550637726 521.88104444777 219.6798153304445 264.9837813968014 161.2820505390918 250.9119390952795 186.8948640017983 322.1561959404493 292.0921252441426 245.0087403139825 274.7688659519932 216.4716795225447 194.6680725690033 84.42325880932192 312.1505597915234 252.2514949540692 279.768740846459 229.1245748862535 217.6371781721981 367.4992796243963 242.4506657108917 232.1125025351574 
460.6919895727472 288.996397722861 281.1918321048016 344.116738958467 350.4278660710051 -538.3164004361265 163.9104488106963 -236.2690208042894 -64.32165266080466 -58.05731087696955 432.3818613375341 206.1839537751181 150.3771752756683 266.5502213787995 304.6463932400325 63.27874930660979 -208.3394396364406 151.0293996786966 276.0858439725963 183.9885770207428 94.03304722284645 18.43438972893101 125.9540504746327 99.92784070680608 316.6875280725663 259.1210087999399 21.7563714515054 178.4539741430428 95.38092288101336 165.9409501387622 25.55792519550626 160.034778994584 118.2437707082889 197.8820522315561 174.0109687610072 113.068420048731 134.7301076108999 124.2182735023724 50.18474814762062 
172.1815194274201 187.7079852828546 75.65259691951169 133.0490141070702 158.3111276333606 -855.322750891687 169.1617981975407 -338.2511752323035 29.33792625488167 -298.1268023411278 162.8707644562614 106.5969193283643 172.6644668309036 115.9661979511728 132.2718376368861 404.5710712965121 -331.177658189494 265.4614394269568 205.7401449929648 118.9794194722353 109.2155667560955 141.9565179005603 136.5117391030585 163.8723194606394 109.0055211056799 120.4155654690454 89.81815583409175 -12.75918272426273 235.9200862936442 199.8710580477072 384.82444186572 244.2885915318504 314.5672654022914 105.4993348712584 126.2462340103272 281.2636818360826 57.86671930073111 40.19625893327876 217.1132059261791 
67.47912090308022 154.919829506843 54.65472575650713 92.72189697390012 86.86310037720041 -1433.944656211475 104.8487409383993 -653.0484226310398 -131.4446743143533 -599.8699658959142 96.47208912880245 78.71469395701953 139.6059269515953 174.3205245734671 65.64022265103121 319.188210339787 -582.9224480138505 254.1786429567887 127.7955604192542 59.51989601821219 44.64988154532938 150.3901918322767 202.7216625304508 143.8503268068971 111.8543661614393 77.37333016921812 68.56147272611446 30.10141956305321 120.480593289793 86.3282690545215 462.6569405493061 168.284193793066 258.4725997610782 89.66369782771253 138.7623655927028 248.2338278000571 71.35721072047369 -14.70329117451777 151.0424140650502 
normalized confidences: 10 39
3.048116350975547e-188 1.891607799036901e-121 2.071481020178653e-186 3.732358649114182e-174 2.564095783694166e-183 1.908287178590434e-113 1.196149123106597e-156 1.016719390994245e-91 2.75184178755248e-91 3.882619321435048e-175 8.519238694825103e-169 1.94173241520775e-150 3.413949523620778e-103 3.133318336373056e-145 7.07659893000449e-184 3.515420674961644e-95 5.140490755601183e-126 1.300876657166611e-102 2.177984074114555e-134 3.320581195844314e-177 2.721072459539583e-140 1.868408706622999e-108 8.436032781225623e-106 2.019439258211718e-114 2.276157741989751e-170 4.549018831562094e-174 2.272490512983972e-93 1.661553107541468e-151 7.204025310385284e-163 3.308009309331211e-177 1 1.259190301835999e-96 2.850246317447858e-96 5.869681082380231e-159 3.137679130074274e-155 3.941071313771511e-83 1.039003786831672e-130 1.973780093660021e-151 5.488096306105676e-132 
1.480106906940364e-196 2.82187361631731e-112 7.647902259882461e-187 3.599542491170524e-185 5.034023349225229e-192 0 8.008080044219044e-149 1.104622781109211e-281 9.166563386235097e-152 8.933771074786909e-301 1.256844502988057e-167 3.889971321117649e-143 2.10217407673605e-109 4.467119591420408e-136 2.175951995795456e-194 5.118076348698247e-75 1.152095038135712e-275 7.880529539828514e-86 2.879189058446723e-124 6.383915073299788e-181 1.520779491160695e-152 2.369717432676676e-96 3.929270922616004e-109 2.877217063603356e-115 3.546496234075108e-172 1.188317485287921e-189 4.877511068366538e-108 2.522496504757071e-154 4.397325300518558e-155 2.140677726384396e-183 1 3.628515015557648e-86 4.34876370411267e-87 1.133850782993502e-153 5.725158582394841e-150 3.00417734741972e-71 2.13442140785443e-139 4.308828873854324e-168 2.494848477531706e-127 
4.416061793183237e-140 1.770484243563225e-98 3.35504699264329e-164 5.249691920325841e-163 1.306262857941974e-157 1.753481023970821e-63 3.122097113552908e-70 1.529186512994142e-31 3.542246228542665e-56 2.602618363772514e-104 4.615925719498799e-133 3.624505975623867e-99 4.674195038660246e-71 1.276294667145004e-162 1.088378136329106e-152 6.281315653689312e-49 1.676835653850497e-62 0.9999993162630838 3.579662430778613e-87 4.403634070314221e-89 9.946226067799481e-61 1.802301276389449e-27 2.067958726290725e-107 4.455472135709476e-89 7.021244980565959e-141 2.389322895664601e-169 1.06931208033518e-30 3.365515098481578e-155 2.729017018826742e-120 1.580735371481424e-81 6.123773069095752e-37 6.837369162016786e-07 7.603302779111981e-66 1.029212211995744e-130 9.27990627159901e-148 1.045087179203272e-54 7.58031202276707e-110 7.163786884704628e-85 1.985966920193449e-124 
3.472142510709866e-85 1.404068505586548e-130 1.469287004794833e-98 4.795276892464328e-96 5.510502847512788e-124 2.388506532520062e-121 2.130981922163311e-145 3.674989022153297e-121 2.485045741284141e-120 2.694850799421906e-106 3.405080671772544e-77 7.03063375238407e-90 1.106063717853512e-130 2.426979040922387e-81 1.037538221899395e-43 1.279262132771808e-149 2.802766112937733e-120 1.094693853496642e-118 8.883023712102423e-42 1 5.837737424294626e-108 3.578316496542062e-128 4.375339604265484e-133 1.170843850915884e-132 9.873097285120684e-145 1.033062715903319e-114 9.984250571275679e-150 2.082873720351811e-157 2.30035067172372e-192 6.200620226889783e-189 5.252721641468393e-189 7.968302710563702e-121 3.296503326183533e-141 3.722776688550974e-87 5.989604345926715e-51 1.903859361124854e-154 1.590993301306519e-144 4.447047597298857e-36 9.774611457082442e-162 
2.472285464571287e-61 7.33738757613559e-56 2.211576877805768e-87 3.952083861521055e-90 3.370929001916978e-79 2.222761913212353e-127 2.834420673911407e-113 8.825863609357127e-135 5.178878604306982e-93 2.55680526653737e-81 7.683548775570838e-52 1.14487511939142e-27 2.483204027575742e-27 4.778625201441158e-65 3.022284015954701e-27 2.828593358671155e-104 4.086839227989036e-117 4.520861792355535e-93 3.286968403047467e-05 0.9999671303159695 1.878935145973046e-103 5.052922371128118e-167 1.05342363534954e-49 8.907382506387489e-45 4.906723493783871e-55 4.653008471679902e-67 4.085453085463596e-133 1.631120129206749e-68 1.590467621522259e-137 2.081289157683383e-110 1.50574295919829e-160 9.43725981467615e-106 4.103950797393442e-114 4.445533927214012e-44 1.020724656196979e-17 1.000822167261056e-84 6.599207125146724e-55 2.493347569779581e-61 1.400661680483214e-124 
1.315045278976872e-140 2.249709172263125e-133 1.579284551026353e-164 3.251034821569464e-172 2.455279489424051e-154 7.657215718123646e-221 5.023112373440452e-127 5.590451919193561e-170 5.766983462732726e-112 9.542644886845745e-182 2.239050450517961e-137 2.013803195486424e-130 5.806920723415447e-123 2.095144673377234e-158 6.867264442518077e-133 3.264152521516842e-97 1.105998699453564e-163 3.529905384364723e-120 1.02778838866283e-121 1.618647230078559e-125 6.396184235718652e-127 7.82034407729457e-144 4.940830679206754e-148 5.799810611258138e-135 1.846941490403209e-142 5.291361383792036e-164 2.127164891031044e-160 1.080378032133037e-188 1 6.578465654302919e-126 1.346292018642042e-161 8.23270268689419e-112 4.404474340612371e-66 3.3027328936728e-134 2.871362723980453e-135 3.842201020788759e-121 3.142934590799821e-162 2.317751100752133e-152 7.586111810409145e-45 
1.481138198007179e-40 9.783914803693536e-102 6.661877731749091e-131 1.24677781559568e-80 1.782820094571052e-129 2.678252257639808e-101 1.547602347681773e-137 1.463541753424924e-131 4.861118691790636e-99 8.563640411993088e-122 7.283541406049581e-06 6.335789741850704e-121 6.980539752854657e-105 2.809752961771018e-137 3.750698379446309e-31 2.752530437781747e-125 8.422561228771135e-111 3.330339063713408e-116 0.9999927164585939 5.697319917307695e-132 2.697323758246235e-112 2.476530051947433e-157 2.087418922022552e-118 3.291146050020496e-146 1.822204987906987e-87 1.59932683439129e-100 5.700106363468634e-121 4.792270291752511e-108 2.303535598612522e-133 7.820035825508913e-143 1.033937931635445e-190 8.226302276746851e-92 7.968403794577714e-118 7.111469992817168e-106 7.202405433069346e-128 7.388640912648489e-133 8.971153083134722e-68 4.414944772101072e-122 1.42928242991791e-126 
0.999999999999493 2.71363787683251e-75 1.106807544703764e-78 2.355113986989387e-51 1.296879458060472e-48 0 1.286513999049828e-129 2.059107837004724e-303 9.760504230817726e-229 5.129101855411576e-226 5.070695429147338e-13 2.941470200953219e-111 1.706037204934432e-135 4.845084619647441e-85 1.699255120927587e-68 2.54461871587044e-173 2.775505387058986e-291 3.275261326140242e-135 6.707638370771365e-81 6.748928153993352e-121 5.781554141452579e-160 8.510690711959141e-193 4.218520520488202e-146 2.099524171643747e-157 2.881754639461354e-63 2.876307664503211e-88 2.358756658571562e-191 2.664325709586259e-123 2.22545879490442e-159 9.800540745303566e-129 1.056031694572341e-189 2.66828676138563e-131 1.890724316037507e-149 7.296161245947792e-115 3.133391024507708e-125 1.069059743847535e-151 2.732457106202583e-142 7.435699070353144e-147 5.235645915741642e-179 
1.187134619396092e-101 6.56989478639752e-95 1.420762811383197e-143 1.200794932470011e-118 1.123738737555405e-107 0 5.794976819861408e-103 2.470328229206233e-323 1.092233971233169e-163 6.640350949171644e-306 1.073718568739808e-105 3.903642604659234e-130 1.924160799037403e-101 4.576105776274462e-126 5.520080281923464e-119 0.9999999973444909 2.940184658401258e-320 3.849944761082255e-61 4.454776023183174e-87 9.313684752171538e-125 5.35468807637234e-129 8.870510034221163e-115 3.830991642589508e-117 2.923211748963577e-105 4.340227659073222e-129 3.915902009087184e-124 2.016255896836417e-137 5.698670496953945e-182 5.699120564663745e-74 1.258675559674668e-89 2.65550914188913e-09 2.455859353772933e-70 8.162886326252056e-40 1.302552318140082e-130 1.333702572433521e-121 2.807250567409766e-54 2.680483111238408e-151 5.675833473521694e-159 3.873320899053072e-82 
2.379323845403921e-172 2.246315725390556e-134 6.410464672668577e-178 2.183996371838906e-161 6.234604088734753e-164 0 4.035276788067992e-156 0 9.659329364005164e-259 0 9.288373516517427e-160 1.803021624406334e-167 5.020274002822192e-141 5.985295680672664e-126 3.782946448397891e-173 4.924046486637765e-63 0 2.877569084789648e-91 3.72863959421183e-146 8.313925132997114e-176 2.896282218571423e-182 2.422557814568015e-136 1.292835010386367e-113 3.499829257602637e-139 4.450181314689712e-153 4.714699790543568e-168 7.022843350974271e-172 1.391631078020284e-188 2.481421537586072e-149 3.652032114025675e-164 1 1.43067326333913e-128 2.107984943796739e-89 1.025871344274354e-162 2.159600294127013e-141 7.537465554743912e-94 1.149970143834777e-170 4.842676767253644e-208 4.650832160960495e-136 
171
171
Done.
