Info: training using tau_insensitive_loss.
==================================================================================
current file=0
data/husband/husband.scores
data/husband/husband.dist
data/husband/husband.phonemes
D2_max=4176.93 w*phi(x,y_hat)=4176.93
predicted= 0 33 60 68 78 91 93 103 118 120 140  171
confidence= 24.4265
aligned_phoneme_score= 2.5468
sentence confidence: 4176.93
phonemes  =  sil sil hh ah z b ae ae d sil sil 
max phonems: sil sil hh ay s en ey iy d sil sil
---No normalization---
    		phoneme		 score(dist)	 real confidence max phoneme	 max confidence
1:(30)			sil			0				405.2				sil			405.2
2:(30)			sil			0				432.893				sil			432.893
3:(17)			hh			0				375.714				hh			375.714
4:(1)			ah			69.9752				369.358				ay			439.334
5:(38)			z			4.94537				348.726				s			353.672
6:(5)			b			84.8561				315.148				en			400.004
7:(0)			ae			28.9444				401.536				ey			430.48
8:(0)			ae			137.473				246.855				iy			384.329
9:(7)			d			0				442.891				d			442.891
10:(30)			sil			0				412.846				sil			412.846
11:(30)			sil			0				425.766				sil			425.766
final_scores: 11 0 0 0 69.97518443773168 4.945369652821569 84.85609421743271 28.94436536130479 137.4733649307856 0 0 0 
confidences matrix: 11 39
13.81558845240853 167.6639053775361 20.98161097029642 41.09330407679362 21.01309633804421 173.9876647061267 103.2736557564362 228.5373457400796 228.8945867149932 55.66691353068043 66.08992912334635 120.8744385753005 187.4535120542783 107.1535539077454 38.15250615598968 234.1241752755469 143.7364101718319 211.9414007723958 140.0479263538025 63.91509760806202 130.1028624226304 197.4884767007892 157.8140974635821 170.5004128706535 71.08885797411638 51.78183827877751 232.8530093076954 77.12983338332236 96.19448337162144 64.53663664858583 405.2003902350139 227.5240504216656 222.3135386988101 90.93288413611469 89.65769304685246 233.639393627113 132.3565070631466 93.02363938020284 157.5867258430798 
40.04419962760144 198.8605126344816 28.89500176838486 56.44587701463106 29.86927884053864 -516.2429654985373 147.0185958433964 -95.11210442146626 160.3757666075413 -137.6024282352967 89.82830013160311 135.6667856598018 193.8861008820615 130.2876359410502 38.3666309314761 317.3225275057545 -89.21452974933732 257.0157096868045 182.1350632509908 63.57920185553211 150.8235812103271 260.4414100989808 180.7083381067735 188.571215771532 68.29862226229326 26.82979062028555 233.8921653261351 92.95182695589814 142.5354427641909 88.49934489173629 432.8930842326334 281.5257864592434 279.464871354193 114.0112688567516 106.8359861726216 287.802929136591 127.912459406998 102.5341795639694 201.9752364508363 
133.6669604305892 178.1288229569831 45.22217550063198 146.2316666714988 109.4641705450659 189.1669365836793 178.2493805376863 272.5408821182317 175.2475984386872 111.4759336166837 72.96825769479406 96.84568169931879 142.641882602311 111.8517095879886 49.59810137240503 271.7545561947808 229.0524222149184 375.7136153770016 121.2968636244964 -2.534756394510701 155.934848540003 352.4909385917684 125.7021288647785 88.30616408839674 50.1298134216895 35.23753767429575 343.1721049978208 144.9521878563386 37.7789369261702 101.8030156876183 243.8350177659484 335.1654128286876 199.4583394166795 45.56832747393903 31.87924397571746 228.5965564272043 63.83918019553676 133.0526151764154 45.84115481318725 
410.0108955745981 369.358374607694 365.948542370857 318.986685211969 439.3335590454257 72.47519786736204 190.1165868180872 149.7119392753257 135.1500391441239 143.1982651865455 332.5904075496455 229.4413485609207 255.9910775769379 253.4901845088155 245.787495918797 103.0314970974652 140.0916131781012 206.9822673978766 287.5416693959784 180.2117514424255 198.8276158415255 115.1514603512397 209.095990621906 182.3165077939422 262.262510858513 243.598914988984 163.8057322052392 257.6263759871958 129.5192011078992 153.3490826282997 62.34786440400188 247.4829777279163 160.1524979220676 241.8062400761467 220.178943756608 160.7674808194104 219.1346889909453 179.1096592056656 112.5747187750881 
211.4664814453329 279.3086221291114 149.9469379773721 125.8147497347985 172.334082500776 1.070642904512937 131.8888276770591 131.9899302932699 223.0930608857763 102.1249327231198 248.6139029089042 298.6262864554083 340.2905937666313 128.6613891900201 220.3320034469731 153.3903471955418 122.0726415752035 232.3868785060342 298.0462275280885 225.4606956522546 147.2918496447238 75.07131311616774 272.876893121953 234.974844556261 196.3458259578687 159.4546455790064 68.32225509778333 95.43952780634007 353.671674231974 127.9383583150488 102.585821906411 179.4079951738633 272.0226253903766 206.0652019097195 228.186768221577 201.9502910718864 262.801418176736 149.9261819993446 348.7263045791524 
369.8587424679287 188.1052202395138 134.1050272833839 210.6247673610538 201.2529766325703 315.1477359153132 155.1425516391436 315.8386011838508 344.5838570036585 246.9357453586755 356.9497810978708 318.0950364030159 400.0038301327459 22.99167122357463 349.7926616780198 81.68310570739939 180.2388378564712 252.9040642617869 389.0714576598018 336.5889706457502 178.8899133839422 40.85119886573737 330.2795269241196 150.8745045856773 190.7364492312209 179.346418209081 49.06457717700201 52.15687710062633 61.43596463282616 133.6889256625157 156.3852589948399 209.162027338629 172.7827706393161 156.0542375630313 128.7322494837514 340.2130545950099 284.4965021439445 246.2728936005055 137.8118654428515 
401.5357055654238 243.091930671392 170.4633952726047 261.9693830142972 290.6014967842411 36.23051844021802 207.0483509221176 109.5019117179804 116.0091094319596 213.581348777103 430.2571149475341 232.0595050155208 221.6006880541862 258.3451344707667 430.4800709267286 54.14986739715759 96.88498978705968 214.2217138065088 393.2910245012738 275.1735203137723 188.4259304670299 110.8746173533727 166.9182346972084 188.3615067293972 261.3305028178881 239.4916208668156 175.6577469423967 231.6394232649429 117.2911384630548 210.8812517168017 65.89441472898002 254.6197957905569 117.2525891339009 239.9868152103323 257.1615623065555 155.2425794157953 198.4612763457548 243.0834883936625 115.3247144000067 
246.8553788519049 254.757591933061 177.1295219006492 183.912714922065 230.4724913298403 -148.9281359372008 143.8689902276729 -17.24680527022946 119.4067567235224 89.27522060567577 248.5243678660377 286.7149328668788 309.7632670093017 211.4752327151817 302.540066676493 111.4744544869631 5.001693594757285 235.9840735727394 315.6357861484161 384.3287437826904 144.9232043871181 50.37665674814803 274.6335457601834 232.2077176576598 265.0943399596982 244.3467920525378 76.81850293303502 171.2576289183478 41.17683319290067 139.8411108663061 96.37802532230819 158.3661797888047 149.1351384516299 245.4949244203843 322.9852058945926 216.4965989108374 277.7336328366595 218.840745255888 111.2948396879292 
191.9689697185944 281.7471586128873 23.63160705074637 163.9922265546267 142.0575214130121 285.2068369380589 144.003664450872 442.8910221242916 234.5501830611987 205.5847796473652 240.8956795368836 154.7324204532299 146.2697273806405 191.4241673629929 162.1803759147691 297.9547654708417 164.7500981912463 385.6102620781305 348.9173179667084 298.1519325738607 170.5287687794272 140.6335989315492 266.4462103080579 215.8176167841384 173.9996939682198 175.1759939093249 96.22524221694658 185.570639165658 195.7865918525138 233.7609851812293 357.5844884799101 268.720180424609 356.1250365473608 267.3969353747721 356.9410578593786 404.8402125707681 358.6210642893436 204.7912117827188 334.6698164124828 
79.79575499710042 151.6476132048116 53.46125185441784 92.5744245112883 66.48003043074061 -500.4691272072563 109.4522065916393 -150.2725688933164 71.54198509463947 -219.7275471665284 81.74265619951325 71.04286905071689 155.6640831555829 119.995780992915 65.95789820223183 305.4186390243253 -186.7265258040721 235.9651678997449 119.5354169529204 61.14586745326035 79.02038133409232 159.7639166736658 151.5856935922884 158.743947118916 95.9474675989316 82.82453854554359 158.5872694020377 27.65961511631542 139.3746220323353 91.8616598929521 412.8464935733537 221.7463501501965 261.360230372014 79.48859533836296 107.2366259187854 242.6273220056926 68.96984990086276 17.87789991968914 143.9813744171929 
67.41840750374729 138.917675983608 63.31016268944416 96.08600051840523 73.79382078969196 -1175.531536620078 132.2624524371619 -529.7583790976163 -76.53887771004497 -500.7192450477942 82.81138662768022 73.8132869984013 95.82870561521958 122.3428584160753 62.24402231177201 332.7213685684976 -473.2042940095116 208.1495739832276 95.71656768478712 55.5423191708106 65.8521214909676 147.8906515506608 149.5114543349075 130.8031537910115 108.4437431525576 71.6869289732094 80.19570242819401 13.18819115531683 185.8961691766721 108.1378318346536 425.7663740512015 169.5875118496154 276.2630640683896 80.97197569606102 109.2985039636008 221.1898197310815 42.2935471951351 -11.57464239638865 189.1141891192943 
normalized confidences: 11 39
1.056185704526585e-170 6.905821930637712e-104 1.367427538059523e-167 7.418253319868283e-159 1.411166451610299e-167 3.851138671918223e-101 7.496961436396271e-132 1.888924587124198e-77 2.699991542291528e-77 1.583214748297436e-152 5.323508888541852e-148 3.30223618746478e-124 2.714765706459182e-95 3.629975002747062e-130 3.918585708376767e-160 5.041315273927478e-75 2.803084836760156e-114 1.171351662248827e-84 7.010485144197215e-116 6.048959230095985e-149 3.36249529914093e-120 6.192444551687475e-91 3.643326988126854e-108 1.177863402096136e-102 7.892329324821279e-146 3.252917756596833e-154 1.414110974735974e-75 3.317168131355149e-143 6.315965858387755e-135 1.126189912505431e-148 1 6.857187965871689e-78 3.743256308445129e-80 3.276093286392028e-137 9.152670045919195e-138 3.104601502758139e-75 3.201895231792565e-119 2.650694794876754e-136 2.902364215033831e-108 
2.442852214389311e-171 2.295860886781429e-102 3.51448817397214e-176 3.243808274781052e-164 9.310762367232788e-176 0 7.01919286561081e-125 4.900722947456418e-230 4.438464313152184e-119 1.725627227595035e-248 1.020604149191136e-149 8.246290941407949e-130 1.587033135738698e-104 3.802976249139997e-132 4.563923607579803e-172 6.431983816727231e-51 1.784613968464541e-227 4.144066759364028e-77 1.25076348731289e-109 4.064609176925865e-161 3.153343807354319e-123 1.274058966863107e-75 3.003006950403113e-110 7.804780958043507e-107 4.556559375040427e-159 4.456072833795863e-177 3.758365607268522e-87 2.319464839369127e-148 7.930097588405829e-127 2.702087461566405e-150 1 1.828175297490749e-66 2.327950698816376e-67 3.246289170448739e-139 2.484285629402034e-142 9.730748843568825e-64 3.536694530811047e-133 3.364733365884138e-144 5.171933538633291e-101 
7.594048974354839e-106 1.548869914173129e-86 2.94707606580773e-144 2.173982184405046e-100 2.340643649162993e-116 9.634003120445445e-82 1.747319952056688e-86 1.558300689408416e-45 8.683904416288193e-88 1.74997925558754e-115 3.306448302587995e-132 7.748100120022603e-122 6.001123553535496e-102 2.548181341268541e-115 2.343321108948046e-142 7.098298414701799e-46 2.022335010174959e-64 0.9999999999178593 3.222616379210084e-111 5.355738336838015e-165 3.558724130606078e-96 8.213336517002216e-11 2.638705943442278e-109 1.515408948544541e-125 3.987965694018059e-142 1.358683288204987e-148 7.368882125407885e-15 6.047632490996696e-101 1.725177975236042e-147 1.101889437583596e-119 5.319279078012549e-58 2.455496854505172e-18 2.839920901319649e-77 4.166038098906775e-144 4.727481213850817e-150 1.281955955391518e-64 3.586358942353505e-136 4.108342476192074e-106 5.472813456435317e-144 
1.842167261675642e-13 4.075337009877086e-31 1.346766186230485e-32 5.420218320782762e-53 0.9999999999998158 4.73628797366574e-160 5.840421150270664e-109 1.655498127869654e-126 7.848304073849357e-133 2.455138407239292e-129 4.385693977281503e-47 6.997955751797141e-92 2.373405802464101e-80 1.946471012624375e-81 8.790484044943627e-85 8.828160969185832e-147 1.098687430039263e-130 1.233434734604539e-101 1.195693663065241e-66 2.916277299066068e-113 3.544834808587385e-105 1.619956695921477e-141 1.021161674572112e-100 2.392835737969211e-112 1.256090316658923e-77 9.851994687682563e-86 2.186679797226026e-120 1.217791884738406e-79 2.814063760270513e-135 6.288107852717487e-125 1.893185025887674e-164 4.790172838616563e-84 5.665075500424247e-122 1.640496644835962e-86 6.642933370561884e-96 1.047826507864833e-121 2.338007037151984e-96 9.687154810314868e-114 1.231512310428965e-142 
1.72977330690497e-62 5.028709298075133e-33 3.314293259974978e-89 1.096262967610869e-99 1.74986387604771e-79 7.3153902189346e-154 4.762700550799496e-97 5.269405069702125e-97 1.937976405879633e-57 5.64362226515655e-110 2.349142432273964e-46 1.233137629680962e-24 1.533169984162955e-06 1.888837302536761e-98 1.22528319040024e-58 1.03715712701084e-87 2.598590337447168e-101 2.106697566883243e-53 6.903910605152133e-25 2.068231744303464e-56 2.329703873720179e-90 1.005356817649881e-121 8.094538882251046e-36 2.802473848526076e-52 4.689990359660833e-69 4.462064877856764e-85 1.178261187197637e-124 7.048934475368489e-113 0.9929324776997316 9.166134629924217e-99 8.947867969806797e-110 2.066167400717243e-76 3.444993062415662e-36 7.802670967588528e-65 3.158766138151951e-55 1.273972997642482e-66 3.407759540070327e-40 3.246210864447983e-89 0.007065989130284291 
8.093698265688558e-14 9.41012168632156e-93 3.323605101844715e-116 5.671661320697006e-83 4.826066372431438e-87 1.404296342155577e-37 4.550825234133519e-107 2.802191029683152e-37 8.538935280893928e-25 3.337088053437114e-67 2.003808985188865e-19 2.675808955634371e-36 0.9999821300555707 1.843707466362017e-164 1.561560623756276e-22 5.689290971079626e-139 3.608018685336396e-96 1.304294407384485e-64 1.786994434834497e-05 2.879179180438462e-28 9.363502334285425e-97 1.051928735350316e-156 5.237356069385037e-31 6.37530363658357e-109 1.307144112780927e-91 1.478072883652132e-96 3.881603735938495e-153 8.550273176202103e-152 9.158756288426141e-148 2.192293918436605e-116 1.576852622639714e-106 1.313561373593464e-83 2.085162610540568e-99 1.132479433052504e-106 1.542558581253968e-118 1.079414765000589e-26 6.85168004188042e-51 1.71986676954181e-67 1.353532770324235e-114 
1.493871112614256e-13 2.307044655534232e-82 6.620394183853051e-114 3.642750158764509e-74 9.912846958935886e-62 3.344153087177112e-172 5.123045437194891e-98 2.216398931196053e-140 1.484868492037671e-137 3.521868420897973e-95 0.4444907590305257 3.730219744450439e-87 1.070355199229393e-91 9.714897935948131e-76 0.5555092409693249 2.025631870741954e-164 7.348325049470035e-146 6.681594653091944e-95 3.923680517427832e-17 1.976575251238098e-68 4.187104157110248e-106 8.74593841252309e-140 1.910909735864359e-115 3.925860745485768e-106 1.92294667879487e-74 6.301752170021971e-84 1.193334278012469e-111 2.450728663628355e-87 5.3513841222055e-137 2.36666001040206e-96 2.55359853269901e-159 2.341769850233132e-77 5.149017463687252e-137 1.034002265900612e-83 2.974537047914002e-76 1.623930773571358e-120 9.554525052763788e-102 2.287649926852375e-82 7.489606592800519e-138 
1.977316552270114e-60 5.345197269172177e-57 1.034001769523635e-90 9.129028877516008e-88 1.517324790156173e-67 2.567318206657057e-232 3.712409806756135e-105 3.962369563916922e-175 8.827604865328283e-116 7.242408517343676e-129 1.049322344886522e-59 4.044460159672794e-43 4.13642254793412e-33 8.524599137234433e-76 3.017371962945421e-36 3.168748676117926e-119 1.821190040987911e-165 3.756023562648503e-65 1.469019476653083e-30 1 1.065357342565778e-104 9.256597519048032e-146 2.290766416361389e-48 8.603551693075057e-67 1.648755915146563e-52 1.609202866616427e-61 2.818378195537896e-134 2.913335906111609e-93 9.354461163692945e-150 6.612567691147455e-107 8.80221378978514e-126 7.340156856729762e-99 7.189770467179161e-103 5.072690311661118e-61 2.284756885267344e-27 1.292485251769699e-73 5.085474936712429e-47 1.347334463012849e-72 2.647781108037786e-119 
1.061542172632652e-109 1.037789528886841e-70 8.278459864270551e-183 7.512631287699027e-122 2.237024133853735e-131 3.300870529018411e-69 1.566281620679856e-130 1 3.30159075523271e-91 8.693774496977175e-104 1.881643498100775e-88 7.150054980008764e-126 1.510109632628184e-129 6.156481738589706e-110 1.227199980512357e-122 1.134967714523486e-63 1.602992699324321e-121 1.328256631093646e-25 1.540773641930804e-41 1.382331143163168e-63 5.182941340275745e-119 5.386032790510627e-132 2.349588823932225e-77 2.416980094965383e-99 1.667170243504289e-117 5.405557901788414e-117 2.785894856667764e-151 1.766760169637853e-112 4.829581276058893e-108 1.499612167078318e-91 8.950414905711425e-38 2.283308226529141e-76 2.079750546269558e-38 6.079761152158697e-77 4.703322946805163e-38 2.983619101893053e-17 2.523610478809511e-37 3.93157193672345e-104 1.000293702033396e-47 
2.279827786515006e-145 3.6539918692137e-114 8.336286730973712e-157 8.08365366913122e-140 3.75799623635204e-151 0 1.727966517072044e-132 2.757392031444623e-245 5.933832993065156e-149 1.89053495402646e-275 1.597461836232977e-144 3.602234450003346e-149 2.028141786154366e-112 6.554680160403303e-128 2.229447219204732e-151 2.211442066901805e-47 4.062058618584259e-261 1.518505286559239e-77 4.136356313542275e-128 1.812837156805952e-153 1.049932886886085e-145 1.223582865269259e-110 3.434600514119598e-114 4.412312232890626e-111 2.357771418639535e-138 4.712876122265448e-144 3.772436771027704e-111 5.193548415464585e-168 1.708737041259958e-119 3.96330922338095e-140 1 1.014523754861475e-83 1.623124404041292e-66 1.676888929771575e-145 1.885041268266254e-133 1.187826675078963e-74 4.531804826599027e-150 2.933048545411662e-172 1.711442742989592e-117 
2.35209862044104e-156 2.649679148585113e-125 3.866050067018152e-158 6.631823859823618e-144 1.381218342521034e-153 0 3.41087988634836e-128 0 7.105602834380816e-219 0 1.139046413061718e-149 1.408368828213761e-153 5.127329483701815e-144 1.678191356678093e-132 1.331216190878309e-158 3.900026430063577e-41 0 3.091893747519142e-95 4.583427243512655e-144 1.635821446021261e-161 4.911635783725205e-157 2.089811251766342e-121 1.056848580907995e-120 7.926857966767939e-129 1.543591639658261e-138 1.679773970661854e-154 8.32845045522024e-151 6.600423694073123e-180 6.694122414674064e-105 1.136781037003711e-138 1 5.532657240332602e-112 1.179064186796981e-65 1.810070136485339e-150 3.628693788270725e-138 1.424069981864666e-89 2.883150655917144e-167 1.162009950072952e-190 1.672098871321231e-103 
171
171
Done.
