Info: training using tau_insensitive_loss.
==================================================================================
current file=0
data/anything/anything.scores
data/anything/anything.dist
data/anything/anything.phonemes
D2_max=4005.89 w*phi(x,y_hat)=4005.89
predicted= 0 33 65 83 85 95 104 117 133 150  171
confidence= 23.4263
aligned_phoneme_score= 2.52656
sentence confidence: 4005.89
phonemes  =  sil sil eh ae iy th ih ng sil sil 
max phonems: sil sil ih ey iy t iy ih sil sil
    		phoneme		 score(dist)	 real confidence max phoneme	 max confidence
1:(30)			sil			0				1				sil			1
2:(30)			sil			0				1				sil			1
3:(10)			eh			0.657159		2.91713e-31		ih			0.657159
4:(0)			ae			1				1.27427e-15		ey			1
5:(19)			iy			0				1				iy			1
6:(32)			th			0.968604		3.52913e-27		t			0.968604
7:(18)			ih			0.998778		6.79209e-47		iy			0.998778
8:(23)			ng			1				3.61033e-52		ih			1
9:(30)			sil			0				1				sil			1
10:(30)			sil			0				1				sil			1
final_scores: 10 0 0 0.6571592558082978 0.9999999999417788 0 0.9686036893048973 0.9987782671317498 1 0 0 
confidences matrix: 10 39
13.88720378019383 156.8582309703994 31.57067938156965 48.61544025500851 27.61682206595768 189.0670577223355 93.60456718159166 229.8581119951605 237.4103644969084 45.59707864366887 52.06679215208609 104.8988249561527 197.0014908529602 132.8999362992795 23.14464995271439 242.9311802473597 165.2066666688629 213.4288694203485 126.8736044801766 39.40396098260618 114.1474345808895 213.7342939794352 185.4319550728227 188.5957927809378 66.26210862625335 53.76533197871548 244.3298563213156 109.6824185190091 113.0262111674997 29.81543375293626 445.7204292585153 221.6672461840046 244.5221537355122 75.21361309025309 86.08885822232624 257.411349219582 132.7903504594079 88.30718072492405 160.5587841010413 
47.66930755309124 183.6035176290924 52.21160754700551 70.12050294968085 58.83054411752907 -1044.749112931523 126.6821686423239 -391.8011038075912 33.18136136530561 -371.4841550773684 83.89081247394279 98.36583103630613 178.8525187740703 177.5236027801766 29.16888964211747 329.021488472164 -314.9636523904102 267.1832309459147 146.0890001807326 40.80516027376378 104.6691362073427 223.4826224692248 212.8589314285927 190.6954254194086 80.30755394934187 42.80296137888728 176.1298870075625 106.463601372823 163.681845513724 65.43201519850723 465.1756259330821 235.1933015254486 293.1969155244186 99.63695000559579 127.8626087152562 284.9539976708769 108.608612514892 53.80698136064544 184.6616383806085 
269.1044314212104 253.2512107104989 151.6409271670851 198.8774988391585 221.7708620667781 25.11385346030622 205.2651673169524 188.9410226944681 231.2472751661404 148.6398464391915 273.1876142814173 225.3901013223058 249.3847709432952 180.5785655194165 240.7986073491065 168.8533076584496 175.2044027656704 302.2565083319259 343.0773230544743 217.0459238394411 206.3443256603886 277.2559567754694 251.4801853727531 195.6407304160042 166.0192308143312 144.2813062335183 280.3144032000901 223.8930959247199 86.73493498373705 130.3996647465426 202.6612274485778 342.4266627035689 181.780712389783 210.4486750831031 218.6974888258698 261.7704399709355 205.9377815408118 261.5809369067867 130.8114937533991 
388.976343587851 242.0938448441501 159.5170301589441 254.4366313147046 314.5167576838949 175.8743649111318 236.2930861056371 168.7306315835951 160.6883031390736 313.2230890759647 374.1159474755004 231.9799064140543 315.2174999784883 237.9003924767404 423.2727465225067 33.18152759187348 202.9201868584626 213.2496125010474 399.7059314217497 362.0778074448912 216.8942841725112 140.6409123972884 194.4157316283103 243.9572319675823 265.8625401993127 248.8802820587131 189.5047261506752 264.4870218454643 78.48705465382062 181.6890246291368 -18.60520410504235 274.722275026063 66.98056871151898 242.5001899062851 344.6251726402372 176.241922875033 216.2734092787711 257.9132129086675 88.18000091453871 
308.0615861454374 191.1514703531632 215.3492342457355 202.9549010461804 260.1190708503049 -45.2586366706326 191.2157663609281 33.61340346655564 117.0759162617559 193.1767093493036 287.5524064288711 270.1117432992812 190.1938719821511 180.7430593267414 391.5304351467024 141.6895413179682 54.95770179664179 190.368973932515 341.4578226568404 473.481758500542 155.6171190463814 91.76511583127801 185.868246266989 228.4259824168359 205.9494144387796 249.4005166654615 91.81272573345095 157.2222933613562 172.1125046653201 200.9229187675651 82.18982834743734 189.8306593393385 153.8818828239425 240.9454425495673 231.5194592919753 161.9054429065951 160.0717663428841 225.6674191048527 164.2694483265404 
199.0435922277494 296.920885281805 159.5295875085309 175.6661317322578 185.0613038187273 196.2254100066122 335.3148112521231 255.3517140274036 335.572945603797 294.8777839371273 281.2851807890758 306.8789576413453 283.7080057004903 135.2969457141803 318.0107517683497 368.985295050289 212.6322708739955 395.7374363091093 231.7681881261351 345.7652872838584 268.7141075688575 300.9544644584736 207.4284458268262 251.5079771223354 286.257781026407 160.8566130243958 327.8347789795005 125.4586719659168 360.8181692429031 339.2147259345329 307.6097993070004 399.1666837824887 338.2898366440368 261.7766639699308 216.2321840277951 322.6172522232407 229.8366155449054 245.5159964539404 386.3326628221563 
385.784308644425 239.3369991614925 226.1535455790504 250.4077485404428 316.943129521892 -32.20164792427317 240.9755436759625 51.72290153077796 143.2940016513498 166.3691759004118 331.4896158695384 306.6459420575904 166.0363834346176 186.2085101867858 483.6461575694199 86.12333417190146 72.97465589157349 261.0902610152384 384.047902515196 490.3524201338438 220.4181021720931 170.9213825289738 173.4559891734994 174.3029706142364 300.4038799699593 267.6091862370812 203.8558368328925 188.3521191523263 216.2109842313074 267.2987282389939 112.0864453234638 280.1469369320853 151.7208705741481 270.0737071740476 242.2446152275406 175.3184956303272 171.958986311169 269.3790371279331 230.2720525536564 
243.0956957462 330.8794742353549 164.4534772086584 174.6254124960095 184.3201942484316 -72.435505757378 176.3150530180858 114.2842442151306 253.1874080588508 151.7360230061565 291.5709014690896 360.8984790706825 378.6959962601649 219.9874078887 291.9968237533787 198.5748204915278 59.38857535451636 302.5188548162011 417.6447363082216 370.7846152403656 204.5687134442987 115.9217377730027 299.6389936306539 299.194109299497 276.611386962836 188.387645655944 119.650192686722 168.3638050905581 150.6911981228199 194.3417459230815 95.82714963314308 233.8488811923777 235.3739061093742 297.5482936531045 339.171928822749 317.6065267262976 274.603366032338 232.3435405121315 248.4489674824011 
69.4167211296018 250.584397249794 56.47537360748234 97.41272942638113 58.41138538546529 -63.84299223987549 143.101953671224 180.8205259329299 283.5117559060621 11.64152215591227 91.05971413664922 119.8875199147151 278.7815600359374 180.1868437189653 40.11575829881941 364.4925699233935 105.0460657979983 313.891217338666 199.5189022437711 44.25909698578351 146.2994735460206 271.4936288221214 229.5694282167111 235.2281660974027 62.91842323430627 47.54899345814032 329.556625105333 144.3481141582896 188.4735335464237 84.06707518356659 462.1809809208291 335.4590142134118 315.3584946912299 110.2970169776947 122.4989789545116 360.6793260705301 121.8859365854369 100.8492661644699 208.4287672865089 
75.82294753133175 200.3139345654614 80.22960048026755 112.9454899185493 95.74073502846208 -413.6441463174494 137.4531992571558 -74.85704860363415 147.4643270277147 -160.7958023063779 95.13835530672506 114.3229789820317 197.058725042437 175.604756464924 46.10477997627112 355.0995439007027 -68.01067155883882 271.9144637365044 164.0415066066319 50.61661214930737 118.3986806042413 262.7811157209636 194.9067228029314 201.3021759997567 110.2734100227055 95.51152936207207 220.7440038778931 109.8834213726769 195.0490147239748 74.47700283097173 475.6386923008369 266.0302969785965 300.7719130814451 99.0996940365838 135.1959444611176 292.6482626360561 118.8270303260992 70.94306386342561 205.2489065006725 
normalized confidences: 10 39
2.865583529251387e-188 3.537864969132709e-126 1.371036279062668e-180 3.463335300576753e-173 2.62972619487821e-182 3.442365495658934e-112 1.196806968899642e-153 1.787255991623867e-94 3.404774464525005e-91 1.692921214635528e-174 1.092440075358263e-171 9.617405730745293e-149 9.61031240516702e-109 1.392470751032839e-136 3.0037989526176e-184 8.50644630862467e-89 1.494241552877668e-122 1.3093548751963e-101 3.361889435210322e-139 3.459393151810606e-177 9.992589882017398e-145 1.777057867429609e-101 9.081382290185476e-114 2.14876645957543e-112 1.597148276391829e-165 5.971234095357643e-171 3.444970172666909e-88 1.149598599606187e-146 3.256393820671911e-145 2.37003880005254e-181 1 4.953805350456532e-98 4.175410431732989e-88 1.232918106362748e-161 6.516181623887342e-157 1.653505511354081e-82 1.247939570976283e-136 5.9896080353265e-156 1.431762744773429e-124 
4.778700009265513e-182 5.185457817323156e-123 4.487511663194853e-180 2.689924191383022e-172 3.361810420170479e-177 0 9.866414080260311e-148 0 2.439353182696832e-188 0 2.571043834865831e-166 4.971989104485017e-160 4.481821126345503e-125 1.186625389367766e-125 4.412455679504653e-190 7.39621304632632e-60 0 1.030375202643166e-86 2.64508228329578e-139 4.991700057268405e-185 2.716569508834162e-157 1.081589048002016e-105 2.63179395245107e-110 6.233953022416765e-120 7.143648493023463e-168 3.680293692384726e-184 2.944628878661365e-126 1.634357804080715e-156 1.15588555312479e-131 2.474888752162211e-174 1 1.318091545779621e-100 2.044537425052846e-75 1.772434204501879e-159 3.212313687076824e-147 5.379492744525898e-79 1.396090731147759e-155 2.212420297445318e-179 1.49390544188996e-122 
4.916454025633862e-33 6.407457102889435e-40 4.763215820759112e-84 1.557695915058483e-63 1.36440720138371e-53 5.344293951539877e-139 9.26001847442234e-61 7.535740275739167e-68 1.780319383237364e-49 2.368903992661946e-85 2.917129889586229e-31 5.090490605877526e-52 1.34125777287909e-41 1.759368919245815e-71 2.503737431170567e-45 1.422794335915359e-76 8.15431880298791e-74 1.228615665015182e-18 0.6571592558082978 1.210401361418199e-55 2.724484658752253e-60 1.705353680457252e-29 1.090282837646068e-40 6.120290206496247e-65 8.362154607093549e-78 3.031499489542458e-87 3.631456683741725e-28 1.139248477271847e-52 3.087351035612041e-112 2.837508700714054e-93 6.850702956210718e-62 0.3428407441917023 5.853864529677971e-71 1.651127736148898e-58 6.312406576232446e-55 3.210258209058863e-36 1.814364329334077e-60 2.656071917759586e-36 4.283435848935172e-93 
1.27426999308678e-15 2.065393299563166e-79 2.833660477172712e-115 4.735946843990132e-74 5.859683694264304e-48 3.59954853957251e-108 6.248348623424653e-82 2.842916276874017e-111 9.141662949032719e-115 1.60709309678276e-48 4.482016240223624e-22 8.367102962222596e-84 1.180871619793007e-47 3.117522097295701e-81 0.99999999994178 3.850668918590839e-170 2.004930232361734e-96 6.139200573548943e-92 5.821866542634604e-11 2.650791920197653e-27 2.349484680956543e-90 1.797024628394533e-123 4.061264608946754e-100 1.331255788390524e-78 4.341262017728445e-69 1.829426635261832e-76 2.991153543501613e-102 1.097074113843779e-69 1.825898291327172e-150 1.206487048127576e-105 1.244068711665553e-192 3.057383693480616e-65 1.83769414383255e-155 3.10081732587822e-79 6.978991153626171e-35 5.19848062724927e-108 1.262786927522371e-90 1.532029124141359e-72 2.958486941120508e-146 
1.441889405154193e-72 2.429482546595335e-123 7.842763453119534e-113 3.248468059597024e-118 2.176517229675069e-93 5.174981920280431e-226 2.590819665094142e-123 9.281125491635915e-192 1.640247549547242e-155 1.841042880674063e-122 1.786110696839354e-81 4.759097622702525e-89 9.324683396828759e-124 7.33159234817171e-128 2.564439648020689e-36 8.025478565456461e-145 1.727076718241588e-182 1.110912633932092e-123 4.599738941115039e-58 1 8.977203970863341e-139 1.669430863005741e-166 1.233214766021698e-125 3.746525460680613e-107 6.489021951687545e-117 4.816739651499315e-98 1.750834742494922e-166 4.469505132985597e-138 1.309169997869802e-131 4.257943653591225e-119 1.158974608356177e-170 6.484744186644433e-124 1.583206545384445e-139 1.025087978329855e-101 8.262445828123518e-106 4.831983535523287e-136 7.722711882944258e-137 2.374651399765981e-108 5.138069268449241e-135 
1.185200306859687e-87 3.813818598095032e-45 8.186109465814507e-105 8.338533178876223e-98 1.003138860507358e-93 7.077351533115482e-89 1.801483213964058e-28 3.373636907297445e-63 2.332042947760966e-28 4.943703230937456e-46 6.178169944693511e-52 8.055563183946949e-41 6.96753790475364e-51 2.448921897544017e-115 5.502659900089191e-36 7.560239197721125e-14 9.446695302469602e-82 0.03139372604565964 1.931537643315704e-73 6.226074221158239e-24 2.144431209700992e-57 2.153382657046109e-43 5.191434810537046e-84 7.224114344032316e-65 8.921393474495292e-50 3.086010551765167e-104 1.016467457908836e-31 1.30697395823428e-119 2.145842611669792e-17 8.899009004839523e-27 1.673001810443001e-40 0.9686036893048973 3.529127355362187e-27 2.081702413477733e-60 3.457023451589026e-80 5.509984788392812e-34 2.799186680847217e-74 1.805096696714614e-67 2.584649367383668e-06 
3.855806941725764e-46 9.657325796139572e-110 1.817003398366462e-115 6.206149722520318e-105 4.883948325379958e-76 1.140567073633123e-227 4.971274265414962e-109 3.199554812406973e-191 1.878940548221861e-151 1.973939710864328e-141 1.01444805102487e-69 1.647249427854565e-80 1.415154812364492e-141 8.155437978358931e-133 0.001221732868250242 2.786170090101397e-176 5.427617127166609e-182 2.705069759355903e-100 6.792093888305975e-47 0.9987782671317498 5.867921788728907e-118 1.872113191009026e-139 2.361009762609495e-138 5.507279892117824e-138 3.205282002588629e-83 1.833630064555823e-97 3.763430255538343e-125 6.956724974096124e-132 8.736876771083512e-120 1.344254582653637e-97 5.255856895064525e-165 5.109608945058431e-92 8.583328056208149e-148 2.155954368296908e-96 1.768554696303054e-108 1.520456710065672e-137 5.283937844912193e-139 1.076336819170816e-96 1.116864771053278e-113 
1.564281331661845e-76 2.0812557987045e-38 1.097572726946106e-110 2.871102335799151e-106 4.660568449655886e-102 1.448288829750499e-213 1.555429128186748e-105 1.787360913846334e-132 3.776502988833201e-72 3.290888158196777e-116 1.765343476215691e-55 2.266802135323795e-25 1.215562014043578e-17 1.440498995141947e-86 2.702744017844851e-55 7.230101759813245e-96 2.578256907532553e-156 1.003378853180312e-50 1 4.455618504279297e-21 2.899072286259895e-93 9.191082679107499e-132 5.633225314423566e-52 3.610325111820417e-52 5.623343524821776e-62 2.722140847811476e-100 3.82484700477287e-130 5.478568908043257e-109 1.157581137724394e-116 1.048922697704163e-97 1.72344698097996e-140 1.508253446869545e-80 6.930813820179238e-80 6.962699605997017e-53 8.311754928632621e-35 3.580614772436683e-44 7.54956980933344e-63 3.347442884921516e-81 3.305302693809154e-74 
2.658577248604534e-171 1.272832694038885e-92 6.372259693294203e-177 3.829668674952793e-159 4.41664709126661e-176 3.553784652603309e-229 2.665257501939759e-139 6.407770857877108e-123 2.540630398870924e-78 2.153769282730972e-196 6.669322502000166e-162 2.207184783787643e-149 2.242040871992167e-80 3.400182941179421e-123 5.004985366039753e-184 3.753722451303432e-43 7.911832187625776e-156 3.968020923427418e-65 8.458797442664657e-115 3.153783962593694e-182 6.522354682543138e-138 1.532975502715304e-83 9.507935647950779e-102 2.726747161883955e-99 4.003818354604993e-174 8.464782906417552e-181 2.523330303763944e-58 9.267013539359017e-139 1.350100037944557e-119 6.126567283722495e-165 1 9.233133671344194e-56 1.721093288972512e-64 1.509163139517806e-153 3.00594440595848e-148 8.286886573011795e-45 1.62832100836199e-148 1.190227950362947e-157 6.263453360378496e-111 
2.302651791125305e-174 2.679026343667429e-120 1.888049290061261e-172 3.050307211935568e-158 1.028995487629628e-165 0 1.342475941330439e-147 8.37023042591134e-240 2.990088617808036e-143 3.981171617115643e-277 5.633824072339078e-166 1.209426501150542e-157 1.033373810884652e-121 4.976422932542315e-131 2.856222836221615e-187 4.472115346430186e-53 7.871929311041658e-237 3.339578869749374e-89 4.732184584104475e-136 2.601692129484089e-185 7.122528654484817e-156 3.606858127402324e-93 1.201309062188336e-122 7.197220128502188e-120 2.108016605293048e-159 8.182211742586691e-166 1.998220230036041e-111 1.427263333476029e-159 1.385005025858575e-122 5.993657363972319e-175 1 9.294596717645507e-92 1.138472951421592e-76 2.959312526412676e-164 1.40473113769055e-148 3.374940770681583e-80 1.093110650148977e-155 1.749531310583304e-176 3.725701562905552e-118 
171
171
Done.
