Info: training using tau_insensitive_loss.
==================================================================================
current file=0
data/forbidden/forbidden.scores
data/forbidden/forbidden.dist
data/forbidden/forbidden.phonemes
D2_max=3990.64 w*phi(x,y_hat)=3990.64
predicted= 0 32 45 47 60 62 78 86 105 138  171
confidence= 23.3371
aligned_phoneme_score= 3.09145
sentence confidence: 3990.64
phonemes  =  sil f ao r b ih d en sil sil 
max phonems: sil f ao ow b iy ih m sil sil

    		phoneme		 score(dist)	 real confidence max phoneme	 max confidence
1:(30)			sil			0				1				sil			1
2:(15)			f			0				1				f			1
3:(2)			ao			0				1				ao			1
4:(27)			r			0.999877		5.40751e-20		ow			0.999877
5:(5)			b			0				1				b			1
6:(18)			ih			1				2.01251e-62		iy			1
7:(7)			d			1				1.76243e-114		ih			1
8:(12)			en			0.813729		0.0927865		m			0.906515
9:(30)			sil			0				1				sil			1
10:(30)			sil			0				1				sil			1
final_scores: 10 0 0 0 0.9998768598383667 0 1 1 0.8137286817707957 0 0 
confidences matrix: 10 39
16.05529989666533 165.8662283065586 30.13369643061228 48.98429327163215 19.62235259373723 187.8893383420815 89.88487288053702 231.6247699524799 236.9236498613038 42.74235912125953 54.08947915652614 113.8425404644628 197.7463502324574 109.6485047433257 15.11471101165177 226.9905235369363 148.7967491933049 204.5927226159184 124.4173658887391 42.29551709065069 124.9637170303225 188.9712070587976 184.1981375910452 192.0648694905727 62.75434725832163 45.67102606587187 229.1701642367701 96.79218333599272 101.5954432337366 29.55977455601907 445.8065285596876 217.0542059424977 239.1712499205449 76.46576142053767 83.50599287625263 247.1258731289477 135.8849477872492 93.17863619947683 158.9926645773165 
11.33013095586966 170.5952382962549 14.15844313716437 31.55074324690392 -10.16938177401785 157.3141332276521 167.4612926296812 256.547748392693 282.0205493505879 103.1658968831963 40.56274980715335 93.74747051291024 172.3630857007923 69.50231218699773 11.1596414722332 388.1498307089057 199.1166636277931 254.1521012783841 133.378834076941 3.788693697171084 159.1482369680569 311.4987324293839 105.4371921679206 139.3534251394518 32.29277098612039 -10.6371878239085 299.5474120255949 76.48070361079303 161.2698868248099 108.5847052044224 341.741729596296 298.1341885685956 270.3320562853464 72.56811615957417 35.78569825183631 288.5504061195433 91.90963373007634 102.0559807372092 150.4315863127975 
300.3534238442306 492.8350042562232 512.1054704063502 425.8437469080303 447.8883663794547 319.4768563007077 159.2831192400666 225.2679644348789 326.9032048724558 200.2817031770875 362.0471670608838 392.4360806564123 237.3466805166246 496.2797872873514 236.1342666338523 293.2965588301325 298.1861700338538 252.2267570480242 201.8572938998922 88.80283597725003 234.7275931291234 236.1145403260693 190.1400519454519 192.5332952487124 344.9466028419472 332.7882270505462 265.4162912068663 459.6242465093988 141.0998113048016 166.1782220865032 126.3834639901267 344.4822702732913 239.1320060873693 409.8521411239515 243.6801108626596 309.3681998333893 489.5407234671345 270.6840170253719 184.1713707367372 
341.9255560792167 364.7752858951812 320.4838426139863 318.7397974287573 362.4971183274305 -121.2763503208623 159.9502217649829 2.545040001836014 183.947013756017 159.7889330388021 342.4495282826336 313.7917897397659 305.5218747770788 379.3257817781641 277.6332156932211 157.9949068095449 55.55500783075229 222.6446722863273 299.955953032142 215.3349249582134 144.417651860316 96.14542388587759 326.9403742795741 240.7007542884029 388.3278464849533 330.5339071076214 107.088580192815 343.9640568694496 82.00870841345018 167.0332706361128 77.73468108699569 220.5085306978732 155.9554242122207 325.7535202353407 316.7974022862314 247.4262621421055 315.9306177012245 213.1204189979742 108.5779031970525 
52.70231008485108 99.35582610129757 134.634815217582 61.45825147219966 191.0631045868614 466.3219110307035 43.40340037878133 215.3737068904498 255.4902115350856 326.5256546003246 62.66627532079139 191.3866944309485 271.1795235914935 68.74788072873847 192.1191945265695 84.1582452250849 175.6922712727204 168.2145651782769 173.3531438382727 418.9938704354044 77.75026013556631 76.75819511405902 211.1079753368835 156.6605060386578 123.6997308125677 121.3164052023289 109.2279634966805 204.0394428369189 67.84762995110991 71.06940572279706 45.86757894779339 143.0407319757599 48.67335642826858 99.61026506850379 21.48348295976034 181.2073566906523 191.4692851246695 265.0305206330373 59.95681017276935 
347.5498483434536 188.5339932881812 217.0179612480937 239.5480719519826 289.5103801105576 -271.915743916373 228.7521126166927 -66.65061074229365 94.42542611704218 134.4918493843748 328.5242443004687 201.1716649914154 160.0592065047062 219.485462569705 455.9869500053913 96.44321338819134 -23.78545219476212 230.2924563143116 368.3528252817262 510.4137195777284 208.7056759712704 130.8313624611866 140.4602306812681 177.9286658381756 247.7497925476764 277.0090962349967 97.14265815671571 167.9107452972387 127.5233559315198 236.1372537485222 132.8709689786973 269.5971834555688 141.273410329547 262.0430221187731 339.8550461649896 150.9950780498063 187.8499735389299 293.8498027337867 183.073881661415 
339.8523483860058 263.596969633623 106.4381869181403 161.8738799526591 239.534885763817 128.4795068074419 171.213412382178 176.8784355139528 156.309622133375 305.0093571043175 378.7938113764909 216.146938575528 259.3269272847255 199.4056360569495 390.0434344209417 -27.66823094258939 141.1728209414432 221.958291381101 438.8064445055153 264.2901229780234 177.524268256541 111.8030203765585 160.8528962066725 163.753778830261 221.7628115382765 169.3703017449466 176.6806292564313 233.2799527784587 9.635427180042818 162.3761936452564 29.89460244528568 280.8307114995429 54.72506102370823 242.0073190495981 260.7427143506376 160.2902804890933 193.6715823840443 239.7729663900948 57.63869172204593 
182.1659752078529 260.1127028182048 67.11575462222523 120.3488713531719 158.4037412744963 -142.7115094228397 135.7679583489308 83.28054181863317 201.1615299248879 56.44526267811082 206.4760448984917 220.3531661654671 343.5654729938103 203.6766145497578 148.3416442371716 191.4353239088964 76.79174014748216 338.6761385668636 293.7342710221146 236.2231718000602 164.6828999916604 170.4458391066272 345.8447797750792 278.3720572174863 140.550088122303 93.68579988349624 188.3207311715028 168.4445077144489 120.018553707233 122.4209249600542 283.820813862146 209.662764528385 208.979262866252 165.6098154788002 272.9301988218313 321.5884807810039 190.8305801065091 250.2000480354029 198.3072426998734 
36.55724186423221 142.7361517991477 33.32877113055021 55.10559682745702 29.41554780121507 -1241.024539460106 113.6593444741418 -520.604717976576 -45.67634946249979 -482.4505206232654 75.45744293485853 82.25369427309251 129.7435861851189 125.3189414011544 24.27372482463171 304.0557325068756 -465.8420583040735 214.2249787015333 107.6449626132975 40.63195786611859 84.13665490942699 148.8194048348887 149.9562051368768 141.008492230021 60.51827432725129 33.67581607737991 99.28074617923912 25.76182550674379 145.1489397465484 61.27262640930569 462.883653034394 188.8796133306584 274.0573520570687 75.13781242390935 92.73825884931988 234.251910479934 68.52580184247392 11.23675391708559 178.0313095706827 
43.39731204562456 175.6817991768706 66.68395740609805 72.45070296190487 37.50210437109057 -1149.637097019413 154.7488611533521 -453.7865382286902 7.530311470259051 -418.8708368846121 84.48490776317715 119.8359042232912 168.4767551431611 139.0119986393493 36.99085431756255 333.3276606337006 -388.2411962323953 236.3961123321436 121.6210588033545 65.94331235392694 121.6264433306762 197.1607527819846 191.3376621452298 191.1509902280157 88.87432689251784 50.4311345013591 157.8191146857162 79.35398209442864 188.0143777077748 82.40225971840547 482.6158266426341 222.6816349445214 304.1421376225498 110.2172546362757 123.8783458421359 264.6146591529309 107.9768450143593 51.45520302874687 219.7454972742542 
normalized confidences: 10 39
2.298332194020066e-187 2.65138220853438e-122 2.989391045197906e-181 4.595078318337951e-173 8.138869847013087e-186 9.727192273891408e-113 2.661882914381321e-155 9.594980855815256e-94 1.920075991330197e-91 8.942426102819817e-176 7.576122299874243e-171 6.758833992844528e-145 1.857091800754042e-108 1.019589158904584e-146 8.97263988958915e-188 9.320011892136946e-96 1.02398064989221e-129 1.746526259420071e-105 2.645209711603643e-140 5.719977649277375e-176 4.568118849246222e-140 2.869704074264823e-112 2.426159689808205e-114 6.329911488659525e-111 4.390878094622823e-167 1.672473531438398e-174 8.241806138902441e-95 2.660699109548025e-152 3.243583130299392e-150 1.683959437026642e-181 1 4.509501801955828e-100 1.817350607450856e-90 3.956788980748211e-161 4.51727533287408e-158 5.17711349051774e-87 2.527945156830959e-135 7.172196552280789e-154 2.743604705940713e-125 
2.23503189350316e-164 3.290341707294897e-95 3.780977546142054e-163 1.352022949657364e-155 1.028404533852081e-173 5.614749143994134e-101 1.432800396082701e-96 7.013613719665319e-58 8.102867508312664e-47 1.710212626132772e-124 1.108788680202264e-151 1.38892727868388e-128 1.927557646356969e-94 4.103373352255903e-139 1.884695019329864e-164 1 8.015648049621135e-83 6.390362883947437e-59 2.261319947530007e-111 1.185984840283781e-167 3.514564284033317e-100 5.138673037753146e-34 1.657528930596767e-123 8.893934849986122e-109 2.839504858265039e-155 6.441668871935645e-174 3.314808795715039e-39 4.403701992359518e-136 2.932866646324714e-99 3.858412543747249e-122 7.001930104513825e-21 8.066837963806852e-40 6.79814929154668e-52 8.802434085364127e-138 9.336877336079368e-154 5.552895494168639e-44 2.210635470484241e-129 5.636631597221716e-125 5.758086849044779e-104 
1.089568618359727e-92 4.275066032294875e-09 0.9999998616008148 3.443574039668823e-38 1.290820985148928e-28 2.200167661994959e-84 5.904725818029973e-154 2.679500815727016e-125 3.695540639568152e-81 3.772754153844647e-136 6.768724427536851e-66 1.067196319419402e-52 4.71817055960965e-120 1.339655368985664e-07 1.403553518677019e-120 9.386356631968398e-96 1.247464557665222e-93 1.368071401068804e-113 1.823596972793453e-135 1.45211707512725e-184 3.438099461722842e-121 1.376137883613611e-120 1.486604142505734e-140 1.627675022679565e-139 2.534114042358137e-73 1.328956116614665e-78 7.315612078984692e-108 1.613221487153128e-23 7.486682871165663e-162 5.83048731212549e-151 3.041312204117559e-168 1.592828739690349e-73 2.812747064734718e-119 3.907898509595332e-45 2.656730411702857e-117 8.960289754268462e-89 1.585823534191012e-10 1.419040934227244e-105 3.802156820792927e-143 
7.041867461381462e-21 5.904721501784335e-11 3.432969984158667e-30 6.001237385460252e-31 6.050674846280267e-12 4.80458509989972e-222 6.558496808747111e-100 2.861557314334034e-168 1.731723923278246e-89 5.581584549407536e-100 1.189175856720684e-20 4.259399448752044e-33 1.090862308469503e-36 0.0001231400965354005 8.431001924725735e-49 9.281577942457405e-101 3.00980918237548e-145 1.108302260271392e-72 4.173696217140181e-39 7.414387675851634e-76 1.177863359640453e-106 1.278594034160441e-127 2.186281504888382e-27 7.696884990487377e-65 0.9998768598383667 7.949824816549614e-26 7.232443879758429e-123 5.40751199270282e-20 9.273317977891407e-134 7.81507861901806e-97 1.29136397984935e-135 1.30901226121627e-73 1.207496214949174e-101 6.67209034896732e-28 8.603384129982472e-32 6.414546327814443e-62 3.61600940814539e-32 8.097063991770908e-77 3.206932618167274e-122 
2.329644761493841e-180 4.252597401878624e-160 8.915066146870933e-145 1.478926975762985e-176 2.861668125436182e-120 1 2.132183258986515e-184 1.034140861085226e-109 2.734993501539385e-92 1.937569286263113e-61 4.9497677537221e-176 3.955055205504666e-120 1.781303616875604e-85 2.166668611838839e-173 8.227602460295905e-120 1.067649636914906e-166 6.041588972469264e-127 3.416840305679177e-130 5.824800272068476e-128 2.790571343754447e-21 1.759852186986712e-169 6.525710866572581e-170 1.452098321321775e-111 3.279144489983691e-135 1.588831178390038e-149 1.465590335564264e-150 8.242691863600971e-156 1.236435208550053e-114 8.806808375389314e-174 2.208096179603954e-172 2.506130512185459e-183 3.988116471708114e-141 4.145122419798892e-182 5.484735756180615e-160 6.443552187119028e-194 1.500798337025351e-124 4.295574270504906e-120 3.804169818636113e-88 3.295179365101036e-177 
1.858315381221955e-71 1.619612186634226e-140 3.800503559470867e-128 2.314962173239868e-118 1.155842436387502e-96 0 4.741528145106923e-123 2.4218410647407e-251 2.180618105478906e-181 5.485372794893796e-164 1.014856343794773e-79 4.987490951022999e-135 6.965756076705095e-153 4.481912273962664e-127 2.305442563460544e-24 1.640187475104925e-180 1.000569964496111e-232 2.212488902032295e-122 2.012507525391584e-62 1 9.329567600876175e-132 1.410837115950029e-165 2.144081114140939e-161 4.0139859277821e-145 8.443177039541825e-115 4.301897234257041e-102 3.301098585983812e-180 1.789980230938269e-149 5.162117604607581e-167 7.642657095466969e-120 1.084592837940792e-164 2.598407200773749e-105 4.835046391828478e-161 1.361371414126443e-108 8.458810507772519e-75 8.06245476967249e-157 8.172313781458352e-141 8.861065265292849e-95 6.888341754597808e-143 
1.058722379955348e-43 8.081498301119553e-77 4.511279863611887e-145 5.36679931138133e-121 2.867224098874842e-87 1.685479100655605e-135 6.106927343774013e-117 1.762426600549361e-114 2.056784963114709e-123 7.810219632779072e-59 8.646584451045587e-27 1.996205424011727e-97 1.129889717406154e-78 1.070409432859263e-104 6.644981853395068e-22 2.585964182433345e-203 5.487312038523723e-130 6.668738489427929e-95 1 1.616309622867848e-76 3.36196072319544e-114 9.643114806996195e-143 1.933337827473367e-121 3.516778895057182e-120 5.484636759502053e-95 9.668742046387944e-118 1.446121799541323e-114 5.507807562330027e-90 4.105777238368893e-187 8.86885225811464e-121 2.581329284268305e-178 2.46610112256016e-69 1.56882518304812e-167 3.398018751306484e-86 4.654837952629585e-78 1.101455223390032e-121 3.461641258929407e-107 3.637966876035419e-87 2.890335697093149e-166 
7.457159734000033e-72 5.301602098232114e-38 8.07044540207575e-122 1.06107566530619e-98 3.570806946182496e-82 6.026630652515773e-213 5.274371946346397e-92 8.456202692471175e-115 1.325067616026317e-63 1.87396611300984e-126 2.693410613851864e-61 2.864572102835149e-55 0.09278648360529948 1.638797958523011e-62 1.523537510254476e-86 7.910436298353515e-68 1.285655536459573e-117 0.0006983509921205469 2.118696130232304e-23 2.235196110398753e-48 1.90445341048188e-79 6.061540482171161e-77 0.9065151653760952 4.51173920806502e-30 6.295399933156475e-90 2.793325491345975e-110 3.511963538273983e-69 8.192488300956313e-78 7.625902065972138e-99 8.426123151107082e-98 1.04883925218411e-27 6.520446228915703e-60 3.291821804473157e-60 4.811989090265452e-79 1.954226578667199e-32 2.648489584853926e-11 4.320793801360116e-68 2.626611590083428e-42 7.631973409601498e-65 
7.059795794045744e-186 9.156021808059437e-140 2.796952652289485e-187 8.021218524039574e-178 5.587194834482961e-189 0 2.156799855724958e-152 0 1.365202889776362e-221 0 5.532670533725976e-169 4.948906661455137e-166 2.085005795496397e-145 2.497516996405946e-147 3.266844558144085e-191 1.051745209902093e-69 0 1.020727604254439e-108 5.269834684944906e-155 4.153543987176904e-184 3.252884753323973e-165 4.014486888810364e-137 1.251227099864209e-136 1.627023407095844e-140 1.798607162609629e-175 3.957353259014061e-187 1.228185452046318e-158 1.446779629376877e-190 1.022273987449353e-138 3.82425871642579e-175 1 1.00359280124886e-119 9.857787393794547e-83 4.019028093077014e-169 1.769692472193973e-161 5.087399238867474e-100 5.402083989249218e-172 7.116131168408854e-197 1.950738595042986e-124 
1.777553827350732e-191 5.014707002293661e-134 2.307195217820137e-181 7.371402342257222e-179 4.892902909136661e-194 0 4.066175222598582e-143 0 4.709581626287344e-207 0 1.241477507385703e-173 2.796929682895578e-158 3.725072224277383e-137 5.953242004196259e-150 2.934495993697361e-194 1.462087246505697e-65 0 1.169867670027409e-107 1.667110287395389e-157 1.100085103043763e-181 1.676111099097468e-157 1.067668896654431e-124 3.158642393073295e-127 2.620775838821985e-127 1.000551303777662e-171 2.016383059043113e-188 8.761536141878013e-142 7.338480602003314e-176 1.138194196551186e-128 1.546878851662313e-174 1 1.294240206983846e-113 3.089311447181008e-78 1.859324144790625e-162 1.593278282606392e-156 2.105212358052115e-95 1.978598032971262e-163 5.6146197695832e-188 6.868572697634425e-115 
171
171
Done.
