Info: training using tau_insensitive_loss.
==================================================================================
current file=0
data/techniques/techniques.scores
data/techniques/techniques.dist
data/techniques/techniques.phonemes
D2_max=3931.38 w*phi(x,y_hat)=3931.38
phonemes=ae t eh ae ae iy ae k s 
predicted= 0 5 9 13 16 30 39 55 58  73
confidence= 53.8545
aligned_phoneme_score= 1.0642
sentence confidence: 3931.38
max phonems: sil t eh ae m iy sil k s
confidences matrix: 9 39
2.031930133585597e-155 1.417818193499426e-129 6.543325686259129e-160 6.08579677201772e-162 2.780049616459573e-164 2.734016609829952e-129 1.677293689702017e-159 3.503958781413512e-99 9.486351942831004e-88 5.378901898591908e-135 4.134324217436377e-162 9.678298537980942e-113 6.148189463773434e-44 9.880049019274386e-156 1.835374227949243e-170 3.560786389284102e-135 2.444238641473679e-131 2.261831428724375e-108 1.799625059762185e-136 2.152284710805983e-173 2.517103208000424e-137 2.197461031326046e-165 1.937334753011127e-94 1.544249826294066e-58 8.191447932018335e-167 4.110217797128709e-172 2.405762804877871e-144 2.181382985326473e-156 9.193545479270502e-187 4.924788755109719e-196 1 6.246940421982795e-96 1.873786654413267e-119 1.301178208660621e-165 9.411713278516305e-157 5.417528332298241e-96 1.002252316411771e-112 4.408529265461102e-164 6.132672591928393e-176 
8.50339018518344e-172 8.022255994414639e-116 1.116327716700438e-150 6.250680945076275e-164 7.008405146349743e-143 1.229783008961983e-147 8.712332803653165e-81 1.406224456724316e-53 1.583930953650379e-96 3.789866924545497e-107 9.135787122687838e-119 4.332604656893277e-150 1.424053424325086e-158 5.002820989451619e-149 3.150222602169021e-122 2.142673877584977e-144 7.831036636439329e-114 1.649341628200918e-85 3.353985202493098e-121 1.644180950265832e-196 1.410825433358823e-89 1.23526755983496e-106 1.797905328061262e-170 5.565193434671675e-142 1.958038555953231e-130 1.060028843496245e-172 1.754281264876811e-30 4.735316352368717e-180 2.675475983317669e-167 1.63976960167002e-133 6.889546723523223e-122 1 4.801073251201848e-114 5.834432372638723e-161 3.724168295299525e-178 2.631067969793019e-136 1.012079129275577e-157 2.590973043279412e-182 8.260351040557407e-165 
1.445901972407999e-21 1.913824208412175e-66 2.092042811203035e-72 4.147177426920839e-85 3.873696165491796e-64 6.906713097495514e-154 3.610478803638633e-130 1.928018455987561e-120 4.914183029207373e-139 1.985749883205654e-128 1 1.056008826034557e-137 2.888277950335094e-174 1.675173946437779e-109 1.455078015090264e-62 4.631022911499452e-150 1.191610192080497e-122 1.111976646481226e-99 1.368119244511731e-100 2.900339538403113e-191 4.66010391204096e-134 2.047834166177407e-121 8.895981275989364e-174 1.637292309814357e-190 9.800342737618286e-87 8.084304010813155e-118 1.078934016887395e-105 3.825000369699372e-107 3.42024475456803e-170 4.672730907059033e-167 8.084310767886714e-202 1.141435115772337e-76 7.425699739714348e-147 1.125042072182749e-112 5.731072759130274e-196 9.636183417129233e-123 3.082965943004793e-156 9.348927693975053e-137 3.072883859377731e-192 
0.9983864018542753 4.74731240151571e-62 1.051176434882054e-92 6.138552944486639e-105 8.157168279599889e-61 3.156345919614679e-143 1.39841540385859e-155 7.852234067414377e-129 1.461287540213911e-141 2.42579031219654e-113 0.001613598145724655 2.559393665050387e-106 1.503598692538622e-172 4.051077097125913e-119 2.893549562651874e-29 1.597301397399214e-156 2.936298232614279e-120 1.069931594416507e-149 4.387223025751767e-66 2.123131075959982e-163 5.956762686558592e-157 1.581339620124197e-144 7.01823934665664e-185 8.278360683301871e-177 2.41527629340567e-84 1.775933334247971e-114 7.827620582330242e-121 3.490501169406967e-62 6.34079838810797e-175 7.004624511511482e-137 6.355646238981959e-213 7.272698565548929e-89 3.656614492404535e-147 1.502099418105546e-95 8.467179098880779e-148 1.790242410190911e-131 7.990431935114833e-153 3.563553765932469e-143 1.858753935377705e-174 
1.227995564772277e-25 2.412324370426546e-44 2.030748161054548e-54 6.346725726685556e-55 1.118584843144746e-17 2.471337064678034e-249 5.927221643808174e-81 1.030633537037205e-160 4.840121020391983e-88 5.449079920500329e-113 1.412490210820388e-51 2.155030713199491e-41 7.865102455508327e-14 1.173003078223621e-72 1.062606573494771e-28 1.398284127370988e-70 8.445389374816663e-136 4.931436752531485e-62 2.224581459587466e-50 1.9184883937241e-65 2.465978402746569e-107 5.886873083050138e-78 0.9986384623426268 0.00110678129502234 8.250225118123031e-56 2.829423215815557e-50 5.242375670348803e-99 1.642379479551641e-46 7.750060076809929e-107 3.319722248329136e-90 0.000254756362190551 8.158959134478437e-14 6.059046745720982e-54 1.670761727103471e-72 1.471844749939575e-80 2.871185967290382e-63 1.95339840570062e-44 4.178981123869104e-80 3.035188195616886e-105 
2.101492824031512e-96 3.164551069402042e-94 1.170341622994011e-151 5.950694403874678e-131 3.144265383828611e-138 7.049477449359909e-185 6.454771507345806e-138 9.77882729874808e-159 4.220515845242489e-152 6.751565781786314e-115 1.055255225738823e-89 5.187252131459668e-73 1.244103602317731e-119 8.1835135971451e-168 1.780687421375144e-42 1.507482000308931e-206 5.551804400150814e-168 1.351086760688457e-129 9.533817941862063e-33 1 4.044902525259234e-127 2.01432576861786e-160 2.629793441620156e-113 9.792578071487531e-113 1.710373494150587e-93 1.390277391534577e-121 1.632621622536695e-157 1.176218317442747e-159 1.806371032898859e-205 1.095653940283436e-136 1.11027095928804e-193 2.909845302650836e-83 8.220430635453924e-172 2.039568519156181e-98 1.174655435043497e-66 2.85058782160369e-146 1.180071236648391e-137 1.246249627891376e-82 1.921877915523837e-161 
3.284141810259403e-157 3.598434720387483e-145 1.886395488597883e-177 1.840578582635265e-158 4.993424641084456e-158 0 1.928436541121054e-153 2.727586852765546e-226 3.625070074065742e-152 3.340612774696322e-239 2.775691076408708e-167 8.397452964601748e-161 1.336350073308206e-112 6.783612613394001e-164 6.468682154901476e-135 1.561182707628934e-108 1.491233824405907e-228 3.022456981278324e-126 1.39271328479433e-147 2.263896102861996e-136 7.309870052934635e-151 1.040826722088348e-157 5.892717146718011e-136 4.5985923695704e-118 3.24327784860048e-164 7.086501205812173e-155 5.843881547777992e-170 2.55053679291532e-174 3.599510443477693e-172 3.366521010395532e-169 1 2.612700848789898e-115 2.862374434616577e-112 1.255537881695603e-161 2.377893573220777e-145 8.50859295022022e-111 6.295677787849499e-161 1.791145069520132e-170 2.563314310435531e-140 
5.918777257562605e-131 1.378336565952372e-115 4.054531572169998e-132 4.162394191328344e-133 7.16696889446717e-138 9.062446907748854e-90 1.987772305115199e-117 1.277975846885725e-60 4.764728540957891e-121 6.15513656448115e-167 3.746497378588423e-140 7.022181641777432e-162 1.83504483159355e-154 6.03547963615417e-117 5.484406699446154e-192 7.192153671207295e-136 6.588892393677833e-38 9.36871123372502e-127 6.014119130012624e-167 2.386232203913046e-213 1.293900223747616e-115 1 5.284408434021255e-154 1.230786255368142e-156 1.871061098820188e-183 4.600219879166674e-189 9.185921353625227e-128 7.66437335037975e-106 5.943798050252351e-109 8.967639719555629e-151 4.910158204134478e-104 3.326932228198311e-73 1.261654657295896e-107 2.937765225975907e-152 8.007762113042513e-210 7.211992917915824e-107 3.974471068619443e-171 2.715225359329132e-148 9.412730299117358e-129 
2.238575793192395e-158 1.853317262326534e-144 1.396432550125946e-166 1.780292752164573e-163 2.847729328826984e-141 0 4.138440635254493e-127 4.172817765624301e-258 4.807168038782137e-196 1.448680633553757e-297 1.974457429519403e-155 8.148022595212194e-172 8.414599694470919e-212 1.147547566352905e-167 3.656006592784138e-177 7.628291580450287e-98 1.724340256028649e-256 1.799132633024328e-135 5.41326707138774e-166 1.357329599443018e-193 2.141095986779752e-167 5.644069996211923e-146 1.454674918904203e-185 4.609775790051165e-193 2.323557489787337e-163 6.044916064077638e-178 2.667006601360623e-179 6.491659678131267e-211 1 4.886937522958274e-132 9.150737248786119e-163 2.062944001568623e-160 7.468982326066784e-116 7.411401548536095e-178 3.958167267706236e-179 2.549927854604041e-149 4.082098265363768e-236 5.584085213677538e-200 2.339974047226424e-78 
normalized confidences: 9 39
0.02455899303936431 0.02455899303936431 0.02455899303936431 0.02455899303936431 0.02455899303936431 0.02455899303936431 0.02455899303936431 0.02455899303936431 0.02455899303936431 0.02455899303936431 0.02455899303936431 0.02455899303936431 0.02455899303936431 0.02455899303936431 0.02455899303936431 0.02455899303936431 0.02455899303936431 0.02455899303936431 0.02455899303936431 0.02455899303936431 0.02455899303936431 0.02455899303936431 0.02455899303936431 0.02455899303936431 0.02455899303936431 0.02455899303936431 0.02455899303936431 0.02455899303936431 0.02455899303936431 0.02455899303936431 0.06675826450415617 0.02455899303936431 0.02455899303936431 0.02455899303936431 0.02455899303936431 0.02455899303936431 0.02455899303936431 0.02455899303936431 0.02455899303936431 
0.02455899303936431 0.02455899303936431 0.02455899303936431 0.02455899303936431 0.02455899303936431 0.02455899303936431 0.02455899303936431 0.02455899303936431 0.02455899303936431 0.02455899303936431 0.02455899303936431 0.02455899303936431 0.02455899303936431 0.02455899303936431 0.02455899303936431 0.02455899303936431 0.02455899303936431 0.02455899303936431 0.02455899303936431 0.02455899303936431 0.02455899303936431 0.02455899303936431 0.02455899303936431 0.02455899303936431 0.02455899303936431 0.02455899303936431 0.02455899303936431 0.02455899303936431 0.02455899303936431 0.02455899303936431 0.02455899303936431 0.06675826450415617 0.02455899303936431 0.02455899303936431 0.02455899303936431 0.02455899303936431 0.02455899303936431 0.02455899303936431 0.02455899303936431 
0.02455899303936432 0.02455899303936432 0.02455899303936432 0.02455899303936432 0.02455899303936432 0.02455899303936432 0.02455899303936432 0.02455899303936432 0.02455899303936432 0.02455899303936432 0.06675826450415619 0.02455899303936432 0.02455899303936432 0.02455899303936432 0.02455899303936432 0.02455899303936432 0.02455899303936432 0.02455899303936432 0.02455899303936432 0.02455899303936432 0.02455899303936432 0.02455899303936432 0.02455899303936432 0.02455899303936432 0.02455899303936432 0.02455899303936432 0.02455899303936432 0.02455899303936432 0.02455899303936432 0.02455899303936432 0.02455899303936432 0.02455899303936432 0.02455899303936432 0.02455899303936432 0.02455899303936432 0.02455899303936432 0.02455899303936432 0.02455899303936432 0.02455899303936432 
0.06665516116037877 0.0245606625212797 0.0245606625212797 0.0245606625212797 0.0245606625212797 0.0245606625212797 0.0245606625212797 0.0245606625212797 0.0245606625212797 0.0245606625212797 0.02460032555227255 0.0245606625212797 0.0245606625212797 0.0245606625212797 0.0245606625212797 0.0245606625212797 0.0245606625212797 0.0245606625212797 0.0245606625212797 0.0245606625212797 0.0245606625212797 0.0245606625212797 0.0245606625212797 0.0245606625212797 0.0245606625212797 0.0245606625212797 0.0245606625212797 0.0245606625212797 0.0245606625212797 0.0245606625212797 0.0245606625212797 0.0245606625212797 0.0245606625212797 0.0245606625212797 0.0245606625212797 0.0245606625212797 0.0245606625212797 0.0245606625212797 0.0245606625212797 
0.02456040227111256 0.02456040227111256 0.02456040227111256 0.02456040227111256 0.02456040227111256 0.02456040227111256 0.02456040227111256 0.02456040227111256 0.02456040227111256 0.02456040227111256 0.02456040227111256 0.02456040227111256 0.02456040227111449 0.02456040227111256 0.02456040227111256 0.02456040227111256 0.02456040227111256 0.02456040227111256 0.02456040227111256 0.02456040227111256 0.02456040227111256 0.02456040227111256 0.06667125793972223 0.02458760031331025 0.02456040227111256 0.02456040227111256 0.02456040227111256 0.02456040227111256 0.02456040227111256 0.02456040227111256 0.02456665998691169 0.02456040227111456 0.02456040227111256 0.02456040227111256 0.02456040227111256 0.02456040227111256 0.02456040227111256 0.02456040227111256 0.02456040227111256 
0.02455899303936432 0.02455899303936432 0.02455899303936432 0.02455899303936432 0.02455899303936432 0.02455899303936432 0.02455899303936432 0.02455899303936432 0.02455899303936432 0.02455899303936432 0.02455899303936432 0.02455899303936432 0.02455899303936432 0.02455899303936432 0.02455899303936432 0.02455899303936432 0.02455899303936432 0.02455899303936432 0.02455899303936432 0.06675826450415619 0.02455899303936432 0.02455899303936432 0.02455899303936432 0.02455899303936432 0.02455899303936432 0.02455899303936432 0.02455899303936432 0.02455899303936432 0.02455899303936432 0.02455899303936432 0.02455899303936432 0.02455899303936432 0.02455899303936432 0.02455899303936432 0.02455899303936432 0.02455899303936432 0.02455899303936432 0.02455899303936432 0.02455899303936432 
0.02455899303936431 0.02455899303936431 0.02455899303936431 0.02455899303936431 0.02455899303936431 0.02455899303936431 0.02455899303936431 0.02455899303936431 0.02455899303936431 0.02455899303936431 0.02455899303936431 0.02455899303936431 0.02455899303936431 0.02455899303936431 0.02455899303936431 0.02455899303936431 0.02455899303936431 0.02455899303936431 0.02455899303936431 0.02455899303936431 0.02455899303936431 0.02455899303936431 0.02455899303936431 0.02455899303936431 0.02455899303936431 0.02455899303936431 0.02455899303936431 0.02455899303936431 0.02455899303936431 0.02455899303936431 0.06675826450415617 0.02455899303936431 0.02455899303936431 0.02455899303936431 0.02455899303936431 0.02455899303936431 0.02455899303936431 0.02455899303936431 0.02455899303936431 
0.02455899303936432 0.02455899303936432 0.02455899303936432 0.02455899303936432 0.02455899303936432 0.02455899303936432 0.02455899303936432 0.02455899303936432 0.02455899303936432 0.02455899303936432 0.02455899303936432 0.02455899303936432 0.02455899303936432 0.02455899303936432 0.02455899303936432 0.02455899303936432 0.02455899303936432 0.02455899303936432 0.02455899303936432 0.02455899303936432 0.02455899303936432 0.06675826450415619 0.02455899303936432 0.02455899303936432 0.02455899303936432 0.02455899303936432 0.02455899303936432 0.02455899303936432 0.02455899303936432 0.02455899303936432 0.02455899303936432 0.02455899303936432 0.02455899303936432 0.02455899303936432 0.02455899303936432 0.02455899303936432 0.02455899303936432 0.02455899303936432 0.02455899303936432 
0.02455899303936432 0.02455899303936432 0.02455899303936432 0.02455899303936432 0.02455899303936432 0.02455899303936432 0.02455899303936432 0.02455899303936432 0.02455899303936432 0.02455899303936432 0.02455899303936432 0.02455899303936432 0.02455899303936432 0.02455899303936432 0.02455899303936432 0.02455899303936432 0.02455899303936432 0.02455899303936432 0.02455899303936432 0.02455899303936432 0.02455899303936432 0.02455899303936432 0.02455899303936432 0.02455899303936432 0.02455899303936432 0.02455899303936432 0.02455899303936432 0.02455899303936432 0.06675826450415619 0.02455899303936432 0.02455899303936432 0.02455899303936432 0.02455899303936432 0.02455899303936432 0.02455899303936432 0.02455899303936432 0.02455899303936432 0.02455899303936432 0.02455899303936432 
    		phoneme		 score(dist)	 real confidence max phoneme	 max confidence
1:(0)			ae			0.04219927146479187		0.02455899303936431		sil			0.06675826450415617
2:(31)			t			0				0.06675826450415617		t			0.06675826450415617
3:(10)			eh			0				0.06675826450415619		eh			0.06675826450415619
4:(0)			ae			0				0.06665516116037877		ae			0.06665516116037877
5:(0)			ae			0.04211085566860967		0.02456040227111256		m			0.06667125793972223
6:(19)			iy			0				0.06675826450415619		iy			0.06675826450415619
7:(0)			ae			0.04219927146479187		0.02455899303936431		sil			0.06675826450415617
8:(21)			k			0				0.06675826450415619		k			0.06675826450415619
9:(28)			s			0				0.06675826450415619		s			0.06675826450415619
final_scores: 9 0.04219927146479187 0 0 0 0.04211085566860967 0 0.04219927146479187 0 0 
73
73
Done.
