Info: training using tau_insensitive_loss.
==================================================================================
current file=0
data/forbidden2/forbidden2.scores
data/forbidden2/forbidden2.dist
data/forbidden2/forbidden2.phonemes
1.phonemes  =  f ao r b ih d en 
D2_max=3889.7 w*phi(x,y_hat)=3889.7
predicted= 0 9 17 24 26 42 50  65
confidence= 59.8415
aligned_phoneme_score= 1.05571
sentence confidence: 3889.7
phonemes  =  f ao r b ih d en 
max phonems: f ah m b iy ih m
---No normalization---
    		phoneme		 score(dist)	 real confidence max phoneme	 max confidence
1:(15)			f			0				649.203				f			649.203
2:(2)			ao			32.7777				699.666				ah			732.444
3:(27)			r			100.371				517.814				m			618.186
4:(5)			b			0				693.653				b			693.653
5:(18)			ih			136.201				585.049				iy			721.25
6:(7)			d			291.398				314.031				ih			605.43
7:(12)			en			130.823				430.282				m			561.105
final_scores: 7 0 32.77770161921762 100.3714495210365 0 136.2012249956047 291.3984248620492 130.8230859542578 
confidences matrix: 7 39
69.02296645323497 255.9478125955522 158.4818880304796 157.9634062715338 127.0954823167445 271.0790710808225 287.7764566304911 311.3239109072259 388.2908569102835 81.3999208344225 85.7652096577759 185.2796219114525 186.2547602182001 181.5932177697305 75.52918094399294 649.2032998106972 263.2250855840334 356.3954333320451 106.870493120093 18.17241880328711 210.0992292176785 446.9664500613511 154.5822562874253 176.5631368706192 156.1509825923065 84.86624572867505 410.8031833082604 140.1910677634488 479.9853894030724 185.4730841157604 478.3153833931034 369.4324127871313 473.0424697262388 151.5525689080765 112.2438068931596 406.8688292588722 133.1719224269731 113.9173531104093 344.046596675309 
502.260088222429 732.4438451985459 699.6661435793283 613.7525494581066 682.7906053125495 293.6789501988816 348.555132431306 297.2180826998271 413.6831844652333 347.8342259284171 554.9886265530782 556.990930733721 377.747631746562 719.5933743273115 338.4801103220018 364.5751441887645 413.7432501799632 468.2582867286562 460.6392636408653 254.5607356616234 328.4762834079132 515.1458419320941 316.7356843454109 363.5356866331322 609.6637290092464 500.6996633546871 414.9731094215077 670.8220725455672 354.790925648255 309.9719699684359 130.7310259798776 506.757598527299 372.592553793008 568.8033517902878 400.1630050500589 433.1847047795314 529.5838877340225 365.8184489087872 299.9574369274623 
404.3463821745124 533.8324877487681 411.4403080538124 330.7137909156307 436.9318391235719 245.6658850519662 200.5889308501334 300.5222000345132 535.8188382161451 418.1237963883884 361.9958695405155 520.8830450290974 605.2494599044174 456.5375074775684 320.7769263322735 333.3888861870788 333.6876350690051 462.1907152147654 422.6388805010366 201.0902671614311 175.0129388312964 318.9786518692348 618.1858982343514 336.7987347854569 503.4175921531678 312.872746100182 241.194161283652 517.8144487133148 287.8104291911766 157.7531629592085 62.7387576562615 350.5448306678116 319.5289741572976 395.3457067945396 338.8085678236558 481.5648624467512 430.9860010429801 300.586678060443 253.8638526577961 
143.5715588290909 234.6499545457752 238.3133506499058 150.9946498319949 329.1464110079278 693.6532757270588 138.3655102680758 356.6448943520267 409.4493427508755 382.3922532046533 160.046296911726 361.8354414708533 367.9184719041077 157.1976856229273 272.0388877222768 193.1252538816912 299.7502742369497 279.8675193338008 303.8256080852324 583.1416364132267 155.6608981604109 287.8039426565372 269.9178961996679 226.974711581721 267.0523364672521 192.7725953546636 227.9442450117891 329.5715252580623 372.3572371360405 176.808387374502 84.9970766731022 279.5874620616025 223.3361277681471 169.9357711862971 62.98526750447481 310.3447149691665 237.5804585422634 357.0209028391041 229.2006840945245 
554.3792609129354 373.4001403956078 346.5860835080723 386.7884020174522 445.9189845440429 -349.4062524872714 422.7465749085787 -44.38879901982313 188.8862137533881 193.1543363559146 518.0798743924393 383.4379236177793 245.2976516808371 320.4929226462268 671.393624350705 220.5205496602374 -10.83339260069641 387.1469168761251 585.0488829913908 721.2501079869954 347.7812420388209 252.2623821870205 211.8651939440926 270.4370622641437 437.020668649742 438.4249465757322 194.7074798554212 216.683357428264 325.2874394444214 457.3620717595944 123.3494461374349 393.9267943615031 283.9328840658385 429.9696114439136 458.2618088376977 288.4557958687693 268.4853917076976 397.2666975937201 341.5891590961329 
567.4526896887031 470.5405552037932 232.6052111659835 291.5774895397986 389.9224235877518 229.8115279682419 341.5787907008471 314.0312845099087 266.8997061424291 391.7591591728631 596.5618787777629 357.5008383383985 362.0724206496956 255.2236179560275 520.4417088758813 104.7873617686837 226.7691523664562 395.7439936026514 605.4297093719579 322.2692667325041 284.9341300692451 253.8182414042644 245.7095815727687 258.8280682868573 366.1309053248845 267.6886934007449 338.4629280134897 303.1996399690123 193.6501282025025 352.0385539793612 -43.93051398407621 411.5766915315886 177.1537896127595 362.9883828470241 287.9934159625224 319.9337146483218 268.2454663633131 306.4198758428843 155.3729509245529 
273.8604745501797 463.9041152120381 196.5734070189831 211.8172468322845 267.2984525329472 131.3063897372751 252.7422566459913 305.5157025445304 376.4552934788363 107.7520639394706 290.9438149902025 373.0452421571519 430.2817405700208 318.4597625136274 165.7090442197803 349.3867260212563 302.7548910297852 524.9021482873028 382.3696822095357 284.0675789631133 248.7826056293759 345.8943141729115 561.1048265242786 406.8962277461421 269.5856980780636 117.1331414193261 357.697180360968 320.9533340060097 502.9347836884112 210.9326445060479 312.1107207554984 326.2801131604788 409.9696786675053 258.7615398237704 386.0672107249192 489.2384080536429 218.6416588142948 337.0428765015328 422.3584905969843 
normalized confidences: 7 39
1.073699409013472e-252 1.626716696610203e-171 7.627789720067744e-214 4.541767990932123e-214 1.784250815093035e-227 6.063648090839539e-165 1.082222091858653e-157 1.823248438881433e-147 4.865929232068401e-114 2.547567527833688e-247 2.00422535725428e-245 3.3151765679492e-202 8.790303089725834e-202 8.308482075755319e-204 7.186141516123708e-250 1 2.353918523579735e-168 6.841626013024674e-128 2.936666974166775e-236 8.846479346821848e-275 1.993081969018989e-191 1.477924049901979e-88 1.544579137684131e-215 5.432319554615774e-206 7.414798312809155e-215 8.157019088989944e-246 2.911688545088055e-104 8.685531518606437e-222 3.232922328726447e-74 4.022779533140878e-202 6.085844842358793e-75 3.140852694170144e-122 3.121214147877993e-77 7.465066036399213e-217 6.330750826284752e-234 5.694776240127455e-106 7.769987378085166e-225 3.374948170523601e-233 2.965703382515691e-133 
0 -nan 0 0 0 0 0 0 0 0 0 0 0 -nan 0 0 0 0 0 0 0 0 0 0 0 0 0 0 0 0 0 0 0 0 0 0 0 0 0 
1.351067715124934e-93 2.321551115483261e-37 1.62753366545177e-90 1.420525533094544e-125 1.915848924643838e-79 1.646693724022175e-162 4.36455890737314e-182 1.097508076215932e-138 1.692151711071407e-36 1.300565065579284e-87 5.47120734254333e-112 5.519588910768396e-43 2.408658176882946e-06 6.266064193012332e-71 6.869475648387653e-130 2.061712762238001e-124 2.779541419980913e-124 1.787111975446278e-68 1.188524667216783e-85 7.205563553069035e-182 3.407439522680367e-193 1.137477754818552e-130 0.9999975913418231 6.238879386218945e-123 1.43468621508909e-50 2.536189671496006e-133 1.881775773999164e-164 2.565856040781665e-44 3.309449757967833e-144 1.087934468003286e-200 5.920669405803869e-242 5.820498465694982e-117 1.97217225645902e-130 1.666224305687959e-97 4.655496320156913e-122 4.636998970457226e-60 5.01321800606411e-82 1.170604463194737e-138 5.983357114561843e-159 
1.266326675060845e-239 4.543498988490856e-200 1.771671295226625e-198 2.120084722928386e-236 4.973705157684233e-159 1 6.943646338711897e-242 4.356318391770577e-147 3.730784581410712e-124 6.623011161630971e-136 1.808979292265164e-232 7.822500245393464e-145 3.429036720406201e-142 1.047845931832271e-233 7.855933499793047e-184 4.201864802453385e-218 8.513341360818633e-172 1.973010099082338e-180 5.011815211605863e-170 1.012522913016318e-48 2.253611845806149e-234 5.51917498248715e-177 9.420259881784091e-185 2.108991207506142e-203 5.364955261468393e-186 2.953142626094343e-218 5.560806560176237e-203 7.608600993454339e-159 2.903376668669906e-140 3.44442702922079e-225 4.612871690681107e-265 1.491083554535874e-180 5.544442667152987e-205 3.567612704498828e-228 1.271639811532651e-274 3.397873422995932e-167 8.513186556928352e-199 6.344801284079597e-147 1.95345021910523e-202 
0 0 0 0 0 0 0 0 0 0 0 0 0 0 0 0 0 0 0 -nan 0 0 0 0 0 0 0 0 0 0 0 0 0 0 0 0 0 0 0 
3.211653969532637e-17 2.620134050008633e-59 1.214273579656096e-162 4.961941373626678e-137 2.548671184777901e-94 7.430796172232202e-164 2.575970059501047e-115 2.800340761467066e-127 9.511006393251589e-148 1.599550434708947e-93 0.0001408279772260488 2.117377240138845e-108 2.047440132931631e-106 8.079152466441123e-153 1.230606462493756e-37 3.747398371196932e-218 3.546079051750601e-165 8.601803996112546e-92 0.9998591720227739 1.059061311838711e-123 6.463641628583066e-140 1.981611539500908e-153 5.963102879575815e-157 2.97001534392473e-151 1.185191999566279e-104 2.093530470151811e-147 1.142191277849211e-116 5.534615154941102e-132 1.466692166836433e-179 8.985831794437754e-111 9.691189011560441e-283 6.466106993314948e-85 1.004778078585723e-186 5.116918971502171e-106 1.377552792050918e-138 1.024716480287954e-124 3.653277915367849e-147 1.385536905967774e-130 3.489571472874969e-196 
1.783869087745813e-125 6.113183609505526e-43 4.853064110177667e-159 2.024564150559852e-152 2.52065279070177e-128 2.192353452977244e-187 1.201814601955357e-134 9.978237141424076e-112 6.422834216800321e-81 1.292399715737707e-197 4.683423872922151e-118 2.122072612248492e-82 1.528465584764056e-57 4.174338266579494e-106 1.913346284375018e-172 1.127190273238804e-92 6.31027977444323e-113 1.893985333233437e-16 2.378554472798748e-78 4.833392930420699e-121 2.291832583387811e-136 3.429746631469553e-94 0.9999999999999999 1.066734862262026e-67 2.482282162962965e-127 1.533017235629202e-193 4.583335981194874e-89 5.052798489348156e-105 5.458475738329711e-26 8.358986685304961e-153 7.29850379509188e-109 1.039735258479083e-102 2.30589360127836e-66 4.942867234686335e-132 9.596863834378965e-77 6.149092470602245e-32 1.862670379714586e-149 4.910565413476447e-98 5.536456888475024e-61 
65
65
Done.
