1913 2
51 77
51 131
51 120
51 69
51 70
51 137
51 130
51 88
51 69
51 79
51 134
51 70
51 63
51 96
51 95
51 60
51 61
51 92
51 101
51 62
51 63
51 125
51 92
51 64
51 122
51 78
51 90
51 100
51 119
51 86
51 100
51 123
51 141
51 94
51 82
51 159
51 118
51 87
51 96
51 133
51 126
51 102
51 111
51 136
51 159
51 114
51 114
51 125
51 109
51 64
51 64
51 108
51 147
51 64
51 82
51 109
51 102
51 72
51 67
51 109
51 108
51 81
51 93
51 118
51 92
51 88
51 104
51 145
51 118
51 80
51 85
51 134
51 123
51 68
51 72
51 120
51 121
51 88
51 87
51 125
51 137
51 80
51 95
51 112
51 64
51 111
51 93
51 63
51 63
51 102
51 115
51 63
51 63
51 112
51 122
51 73
51 114
51 81
51 77
51 107
51 114
51 74
51 76
51 130
51 121
51 74
51 75
51 114
51 111
51 75
51 84
51 103
51 123
51 85
51 90
51 117
51 146
51 95
51 106
51 110
51 64
51 90
51 96
51 63
51 61
51 106
51 89
51 77
51 95
51 89
51 116
51 79
51 107
51 64
51 62
51 111
51 114
51 67
51 66
51 123
51 128
51 66
51 65
51 108
51 112
51 66
51 62
51 108
51 109
51 68
51 65
51 108
51 68
51 65
51 67
51 92
51 64
51 99
51 82
51 66
51 61
51 93
51 76
51 62
51 68
51 106
51 107
51 67
51 89
51 64
51 64
51 112
51 113
51 69
51 73
51 133
51 104
51 69
51 69
51 118
51 72
51 134
51 133
51 104
51 101
51 147
51 154
51 107
51 121
51 151
51 161
51 96
51 101
51 124
51 139
51 80
51 93
51 148
51 147
51 93
51 81
51 118
51 141
51 93
51 91
51 64
51 68
51 107
51 97
51 71
51 64
51 95
51 106
51 72
51 68
51 82
51 98
51 59
51 69
51 96
51 81
51 72
51 74
51 90
51 121
51 68
51 69
51 109
51 80
51 103
51 141
51 75
51 78
51 123
51 124
51 69
51 68
51 107
51 127
51 73
51 62
51 84
51 99
51 62
51 63
51 91
51 101
51 65
51 60
51 73
51 92
51 61
51 95
51 67
51 69
51 67
51 67
51 62
51 76
51 60
51 139
51 86
51 80
51 88
51 107
51 69
51 63
51 113
51 111
51 74
51 73
51 126
51 67
51 117
51 75
51 101
51 83
51 107
51 74
51 82
51 83
51 121
51 86
51 72
51 72
51 115
51 133
51 74
51 67
51 99
51 111
51 71
51 66
51 116
51 107
51 70
51 72
51 102
51 124
51 64
51 72
51 95
51 100
51 68
51 67
51 97
51 89
51 64
51 70
51 85
51 88
51 70
51 64
51 102
51 104
51 74
51 89
51 92
51 113
51 100
51 89
51 99
51 121
51 84
51 91
51 62
51 66
51 118
51 110
51 66
51 67
51 133
51 127
51 66
51 68
51 126
51 76
51 102
51 99
51 62
51 61
51 105
51 103
51 61
51 64
51 96
51 115
51 62
51 77
51 133
51 129
51 73
51 82
51 126
51 111
51 79
51 85
51 116
51 163
51 124
51 79
51 66
51 74
51 95
51 116
51 68
51 63
51 87
51 122
51 65
51 67
51 95
51 82
51 62
51 63
51 112
51 106
51 61
51 64
51 111
51 142
51 65
51 65
51 134
51 64
51 103
51 101
51 64
51 65
51 126
51 106
51 60
51 69
51 108
51 128
51 68
51 73
51 133
51 158
51 70
51 82
51 147
51 135
51 86
51 102
51 108
51 145
51 79
51 100
51 59
51 61
51 91
51 103
51 62
51 65
51 106
51 100
51 61
51 63
51 87
51 102
51 81
51 81
51 116
51 89
51 76
51 94
51 106
51 117
51 78
51 85
51 102
51 118
51 84
51 83
51 122
51 138
51 84
51 91
51 142
51 144
51 85
51 77
51 148
51 90
51 117
51 150
51 106
51 103
51 144
51 124
51 90
51 113
51 158
51 98
51 83
51 74
51 94
51 113
51 64
51 69
51 131
51 124
51 74
51 69
51 120
51 108
51 73
51 73
51 98
51 94
51 64
51 61
51 109
51 101
51 64
51 69
51 127
51 97
51 62
51 57
51 88
51 102
51 65
51 114
51 86
51 71
51 69
51 102
51 108
51 63
51 110
51 63
51 69
51 112
51 99
51 69
51 70
51 97
51 94
51 75
51 57
51 87
51 79
51 79
51 92
51 78
51 84
51 89
51 95
51 66
51 62
51 99
51 94
51 71
51 78
51 102
51 106
51 64
51 60
51 95
51 108
51 75
51 75
51 108
51 94
51 67
51 75
51 98
51 106
51 65
51 65
51 61
51 70
51 101
51 93
51 69
51 73
51 95
51 95
51 61
51 55
51 82
51 61
51 123
51 68
51 110
51 66
51 61
51 99
51 73
51 95
51 67
51 66
51 123
51 67
51 76
51 72
51 102
51 103
51 66
51 68
51 73
51 132
51 67
51 73
51 122
51 117
51 75
51 91
51 139
51 81
51 76
51 136
51 127
51 66
51 102
51 82
51 63
51 68
51 91
51 86
51 61
51 66
51 92
51 86
51 60
51 154
51 66
51 75
51 110
51 100
51 66
51 81
51 100
51 99
51 72
51 73
51 129
51 104
51 109
51 128
51 77
51 98
51 97
51 113
51 93
51 82
51 102
51 106
51 79
51 59
51 92
51 107
51 59
51 60
51 98
51 98
51 63
51 64
51 81
51 102
51 59
51 70
51 112
51 111
51 76
51 87
51 159
51 127
51 97
51 95
51 155
51 150
51 72
51 108
51 80
51 83
51 122
51 157
51 77
51 88
51 138
51 150
51 84
51 76
51 146
51 102
51 80
51 85
51 141
51 89
51 132
51 118
51 111
51 105
51 81
51 76
51 126
51 59
51 88
51 93
51 59
51 63
51 94
51 77
51 60
51 86
51 65
51 83
51 62
51 97
51 66
51 63
51 96
51 70
51 74
51 63
51 86
51 80
51 68
51 64
51 77
51 89
51 71
51 71
51 92
51 94
51 65
51 61
51 90
51 87
51 78
51 65
51 95
51 96
51 76
51 78
51 126
51 131
51 90
51 79
51 106
51 124
51 93
51 86
51 165
51 99
51 63
51 64
51 107
51 122
51 64
51 65
51 97
51 99
51 64
51 65
51 125
51 81
51 107
51 117
51 80
51 89
51 121
51 138
51 90
51 96
51 124
51 136
51 78
51 115
51 67
51 63
51 120
51 72
51 67
51 68
51 81
51 109
51 84
51 63
51 99
51 85
51 62
51 63
51 102
51 72
51 79
51 58
51 98
51 97
51 60
51 62
51 118
51 64
51 104
51 111
51 61
51 61
51 106
51 118
51 60
51 67
51 64
51 103
51 63
51 71
51 99
51 107
51 67
51 84
51 101
51 65
51 94
51 94
51 62
51 147
51 65
51 64
51 112
51 69
51 138
51 67
51 120
51 96
51 76
51 104
51 100
51 117
51 72
51 116
51 83
51 71
51 70
51 73
51 99
51 99
51 75
51 81
51 119
51 143
51 67
51 83
51 118
51 137
51 72
51 92
51 88
51 118
51 70
51 67
51 88
51 94
51 69
51 100
51 118
51 86
51 68
51 64
51 84
51 87
51 64
51 71
51 117
51 139
51 82
51 78
51 138
51 132
51 71
51 100
51 151
51 154
51 85
51 83
51 82
51 98
51 59
51 64
51 90
51 105
51 62
51 62
51 119
51 104
51 63
51 81
51 99
51 108
51 69
51 75
51 114
51 124
51 68
51 69
51 108
51 96
51 66
51 65
51 100
51 111
51 62
51 59
51 120
51 123
51 62
51 64
51 102
51 94
51 64
51 103
51 79
51 81
51 136
51 114
51 72
51 83
51 130
51 130
51 111
51 88
51 133
51 75
51 64
51 63
51 86
51 85
51 60
51 62
51 97
51 93
51 62
51 62
51 108
51 116
51 75
51 94
51 138
51 142
51 93
51 84
51 163
51 137
51 85
51 97
51 150
51 61
51 88
51 97
51 63
51 85
51 82
51 85
51 63
51 62
51 83
51 83
51 60
51 75
51 61
51 62
51 127
51 85
51 62
51 62
51 93
51 103
51 61
51 62
51 103
51 72
51 97
51 94
51 66
51 65
51 96
51 115
51 72
51 73
51 126
51 94
51 71
51 75
51 59
51 58
51 109
51 86
51 59
51 59
51 109
51 90
51 59
51 59
51 132
51 73
51 95
51 111
51 67
51 89
51 109
51 81
51 80
51 142
51 116
51 69
51 106
51 80
51 88
51 136
51 147
51 79
51 83
51 132
51 128
51 77
51 80
51 128
51 112
51 78
51 81
51 115
51 111
51 80
51 78
51 113
51 117
51 76
51 78
51 114
51 75
51 139
51 145
51 87
51 84
51 138
51 157
51 100
51 115
51 138
51 148
51 88
51 118
51 95
51 86
51 143
51 107
51 90
51 112
51 127
51 124
51 89
51 91
51 126
51 118
51 92
51 108
51 139
51 151
51 95
51 170
51 123
51 147
51 84
51 88
51 141
51 64
51 113
51 92
51 63
51 63
51 116
51 113
51 61
51 61
51 114
51 103
51 63
51 87
51 59
51 61
51 98
51 89
51 59
51 64
51 110
51 96
51 63
51 62
51 111
51 68
51 82
51 91
51 60
51 90
51 98
51 60
51 94
51 84
51 80
51 57
51 105
51 70
51 72
51 123
51 75
51 100
51 77
51 111
51 114
51 75
51 73
51 112
51 86
51 89
51 91
51 63
51 62
51 100
51 93
51 58
51 71
51 96
51 115
51 60
51 85
51 109
51 118
51 80
51 82
51 129
51 121
51 73
51 80
51 119
51 125
51 77
51 92
51 61
51 68
51 82
51 77
51 66
51 62
51 81
51 84
51 65
51 59
51 79
51 88
51 65
51 60
51 76
51 80
51 67
51 69
51 75
51 86
51 60
51 70
51 86
51 54
51 87
51 91
51 59
51 58
51 104
51 117
51 63
51 59
51 101
51 120
51 58
51 98
51 58
51 62
51 111
51 101
51 63
51 64
51 99
51 113
51 64
51 66
51 112
51 93
51 60
51 65
51 98
51 95
51 60
51 60
51 96
51 118
51 70
51 65
51 129
51 94
51 63
51 63
51 104
51 93
51 60
51 60
51 99
51 94
51 64
51 64
51 110
51 79
51 103
51 106
51 68
51 71
51 116
51 101
51 68
51 81
51 73
51 96
51 64
51 117
51 59
51 64
51 116
51 120
51 64
51 68
51 126
51 121
51 68
51 81
51 129
51 74
51 106
51 105
51 73
51 75
51 117
51 109
51 77
51 81
51 156
51 103
51 78
51 92
51 126
51 127
51 83
51 84
51 129
51 124
51 88
51 86
51 145
51 140
51 102
51 104
51 59
51 60
51 91
51 84
51 57
51 61
51 114
51 101
51 60
51 129
51 84
51 69
51 111
51 106
51 76
51 70
51 101
51 113
51 72
51 64
51 112
51 108
51 68
51 78
51 100
51 93
51 66
51 63
51 98
51 93
51 63
51 60
51 124
51 100
51 59
51 81
51 119
51 132
51 70
51 85
51 110
51 162
51 72
51 80
51 110
51 97
51 71
51 106
51 62
51 58
51 108
51 99
51 63
51 62
51 127
51 112
51 66
51 63
51 131
51 59
51 86
51 85
51 58
51 66
51 125
51 115
51 60
51 61
51 102
51 111
51 59
51 70
51 101
51 114
51 64
51 67
51 100
51 116
51 108
51 64
51 69
51 139
51 113
51 110
51 73
51 75
51 128
51 130
51 70
51 73
51 117
51 110
51 81
51 83
51 142
51 71
51 106
51 131
51 73
51 86
51 113
51 130
51 78
51 87
51 119
51 118
51 77
51 69
51 103
51 85
51 69
51 60
51 91
51 126
51 61
51 64
51 107
51 104
51 68
51 79
51 81
51 102
51 59
51 61
51 114
51 128
51 61
51 54
51 109
51 89
51 55
51 75
51 109
51 101
51 68
51 60
51 139
51 113
51 60
51 62
51 126
51 102
51 64
51 72
51 112
51 130
51 67
51 70
51 129
51 127
51 77
51 73
51 116
51 98
51 65
51 91
51 68
51 64
51 91
51 89
51 68
51 64
51 87
51 99
51 68
51 71
51 77
51 116
51 74
51 82
51 112
51 89
51 74
51 75
51 109
51 106
51 76
51 71
51 107
51 100
51 64
51 63
51 111
51 99
51 64
51 63
51 60
51 69
51 66
51 89
51 69
51 99
51 59
51 62
51 103
51 133
51 63
51 61
51 148
51 129
51 59
51 63
51 130
51 125
51 72
51 64
51 124
51 124
51 74
51 78
51 134
51 138
51 67
51 73
51 125
51 93
51 66
51 62
51 124
51 89
51 62
51 61
51 119
51 101
51 62
51 62
51 118
51 99
51 69
51 71
51 94
51 103
51 67
51 62
51 104
51 112
51 67
51 63
51 99
51 65
51 90
51 99
51 61
51 90
51 74
51 102
51 63
51 62
51 129
51 142
51 61
51 90
51 129
51 116
51 62
51 65
51 91
51 129
51 63
51 60
51 106
51 96
51 63
51 98
51 62
51 63
51 125
51 129
51 63
51 66
51 127
51 101
51 64
51 64
51 136
51 79
51 135
51 123
51 96
51 105
51 125
51 122
51 95
51 99
51 151
51 149
51 83
51 94
51 83
51 60
51 107
51 121
51 85
51 78
51 129
51 110
51 74
51 84
51 104
51 93
51 58
51 68
51 114
51 94
51 66
51 65
51 94
51 93
51 68
51 71
51 130
51 59
51 91
51 83
51 63
51 70
51 103
51 91
51 63
51 66
51 95
51 86
51 63
51 83
51 102
51 101
51 78
51 65
51 78
51 84
51 87
51 70
51 87
51 83
51 65
51 151
51 63
51 66
51 61
51 84
51 72
51 64
51 84
51 95
51 86
51 79
51 70
51 59
51 90
51 94
51 62
51 60
51 122
51 103
51 68
51 78
51 103
51 110
51 59
51 70
51 115
51 108
51 77
51 157
51 95
51 104
51 83
51 85
51 91
51 104
51 65
51 108
51 76
51 77
51 133
51 139
51 80
51 82
51 149
51 161
51 88
51 79
51 156
51 144
51 79
51 94
51 138
51 132
51 87
51 91
51 151
51 135
51 101
51 83
51 147
51 99
51 61
51 61
51 84
51 91
51 59
51 61
51 78
51 72
51 62
51 61
51 72
51 149
51 74
51 81
51 116
51 98
51 83
51 89
51 101
51 136
51 99
51 80
51 108
51 127
51 84
51 74
51 129
51 147
51 77
51 85
51 162
51 153
51 78
51 97
51 153
51 107
51 67
51 67
51 114
51 99
51 63
51 100
51 83
51 98
51 70
51 136
51 85
51 73
51 93
51 99
51 71
51 75
51 76
51 80
51 65
51 63
51 118
51 85
51 65
51 74
51 80
51 97
51 68
51 114
51 81
51 116
51 64
51 77
51 91
51 128
51 67
51 76
51 107
51 109
51 67
51 55
51 116
51 105
51 65
51 65
51 99
51 95
51 68
51 101
51 59
51 61
51 84
51 93
51 62
51 65
51 63
51 87
51 63
51 65
51 81
51 106
51 76
51 85
51 120
51 123
51 85
51 93
51 120
51 113
51 92
51 97
51 131
51 103
51 73
51 73
51 112
51 129
51 81
51 91
51 135
51 149
51 90
51 98
51 139
51 75
51 115
51 108
51 77
51 74
51 130
51 123
51 82
51 104
51 148
51 141
51 86
51 72
51 102
51 109
51 75
51 67
51 123
51 112
51 73
51 77
51 119
51 124
51 76
51 60
51 85
51 97
51 62
51 65
51 90
51 98
51 63
51 73
51 94
51 86
51 68
51 129
51 73
51 82
51 115
51 106
51 77
51 75
51 119
51 107
51 69
51 63
51 101
51 67
51 124
51 112
51 65
51 62
51 114
51 103
51 62
51 55
51 112
51 79
51 56
51 84
51 123
51 129
51 75
51 91
51 132
51 119
51 89
51 92
51 124
51 120
51 70
51 101
51 67
51 70
51 110
51 94
51 63
51 65
51 111
51 103
51 63
51 62
51 102
51 73
51 117
51 135
51 79
51 60
51 116
51 116
51 78
51 76
51 144
51 115
51 94
51 71
51 91
51 112
51 79
51 72
51 106
51 95
51 73
51 64
51 120
51 100
51 61
51 65
51 103
51 114
51 65
51 64
51 116
51 106
51 69
51 79
51 117
51 106
51 72
51 79
51 136
51 105
51 81
51 100
51 137
51 153
51 95
51 101
51 128
51 139
51 78
51 104
51 61
51 62
51 100
51 76
51 64
51 63
51 110
51 107
51 63
51 59
51 118
51 92
51 62
51 62
51 113
51 99
51 61
51 66
51 88
51 107
51 65
51 65
51 120
51 98
51 76
51 69
51 109
51 101
51 55
51 70
51 115
51 115
51 70
51 61
51 80
51 79
51 103
51 92
51 61
51 65
51 96
51 90
51 59
51 66
51 118
51 90
51 64
