1917 2
51 77
51 84
51 77
51 72
51 65
51 75
51 65
51 62
51 68
51 93
51 75
51 60
51 125
51 96
51 79
51 134
51 124
51 73
51 79
51 134
51 70
51 59
51 92
51 145
51 68
51 101
51 90
51 67
51 80
51 116
51 99
51 62
51 63
51 94
51 100
51 65
51 128
51 91
51 82
51 141
51 91
51 64
51 89
51 129
51 142
51 78
51 89
51 141
51 80
51 134
51 139
51 95
51 131
51 107
51 157
51 88
51 116
51 177
51 159
51 71
51 61
51 113
51 114
51 61
51 59
51 122
51 75
51 62
51 60
51 111
51 104
51 80
51 87
51 54
51 62
51 113
51 88
51 61
51 63
51 110
51 61
51 55
51 72
51 151
51 91
51 58
51 64
51 109
51 95
51 60
51 71
51 117
51 62
51 57
51 65
51 156
51 116
51 67
51 62
51 110
51 108
51 65
51 69
51 114
51 65
51 66
51 73
51 101
51 98
51 64
51 68
51 119
51 89
51 59
51 70
51 112
51 62
51 71
51 62
51 106
51 106
51 63
51 65
51 117
51 104
51 68
51 60
51 119
51 114
51 58
51 65
51 111
51 105
51 69
51 63
51 117
51 73
51 63
51 66
51 113
51 95
51 67
51 62
51 129
51 138
51 71
51 76
51 123
51 117
51 81
51 80
51 132
51 144
51 75
51 83
51 162
51 112
51 66
51 58
51 111
51 103
51 79
51 52
51 97
51 77
51 87
51 87
51 77
51 111
51 75
51 78
51 132
51 126
51 77
51 84
51 128
51 104
51 80
51 86
51 127
51 79
51 129
51 117
51 78
51 82
51 108
51 105
51 80
51 99
51 104
51 95
51 97
51 68
51 95
51 91
51 61
51 71
51 82
51 84
51 75
51 66
51 109
51 117
51 61
51 63
51 103
51 78
51 66
51 71
51 99
51 121
51 66
51 77
51 70
51 74
51 82
51 107
51 65
51 75
51 128
51 87
51 69
51 87
51 85
51 90
51 62
51 76
51 116
51 58
51 98
51 114
51 63
51 62
51 77
51 101
51 91
51 67
51 97
51 132
51 72
51 80
51 72
51 68
51 96
51 102
51 70
51 67
51 69
51 93
51 86
51 101
51 98
51 73
51 90
51 80
51 65
51 61
51 109
51 114
51 68
51 61
51 108
51 101
51 56
51 60
51 109
51 115
51 74
51 67
51 115
51 89
51 61
51 67
51 116
51 86
51 64
51 65
51 86
51 79
51 80
51 63
51 82
51 71
51 65
51 63
51 64
51 87
51 91
51 140
51 72
51 101
51 134
51 129
51 80
51 84
51 123
51 128
51 79
51 84
51 92
51 68
51 109
51 99
51 62
51 61
51 82
51 69
51 61
51 63
51 73
51 80
51 62
51 78
51 107
51 105
51 64
51 66
51 115
51 102
51 64
51 63
51 92
51 84
51 63
51 117
51 72
51 83
51 115
51 97
51 94
51 99
51 123
51 115
51 79
51 87
51 138
51 80
51 116
51 103
51 77
51 76
51 121
51 121
51 72
51 84
51 123
51 109
51 78
51 84
51 109
51 104
51 90
51 89
51 119
51 90
51 81
51 78
51 125
51 90
51 75
51 64
51 102
51 76
51 62
51 63
51 99
51 91
51 63
51 62
51 100
51 92
51 60
51 96
51 63
51 58
51 94
51 73
51 64
51 62
51 73
51 61
51 68
51 71
51 115
51 87
51 112
51 123
51 69
51 69
51 96
51 99
51 79
51 73
51 80
51 132
51 66
51 67
51 157
51 70
51 71
51 76
51 133
51 76
51 71
51 65
51 138
51 97
51 61
51 64
51 110
51 74
51 75
51 63
51 69
51 95
51 69
51 65
51 65
51 120
51 76
51 63
51 113
51 78
51 60
51 93
51 62
51 61
51 63
51 67
51 122
51 63
51 95
51 108
51 76
51 83
51 113
51 78
51 123
51 64
51 114
51 148
51 115
51 76
51 113
51 111
51 75
51 81
51 115
51 132
51 75
51 75
51 89
51 85
51 136
51 73
51 82
51 95
51 62
51 60
51 94
51 85
51 63
51 69
51 72
51 63
51 66
51 101
51 60
51 68
51 109
51 77
51 62
51 63
51 111
51 63
51 62
51 62
51 123
51 75
51 125
51 116
51 78
51 92
51 122
51 116
51 82
51 73
51 120
51 125
51 134
51 92
51 68
51 61
51 105
51 67
51 60
51 76
51 69
51 113
51 72
51 78
51 75
51 69
51 84
51 77
51 59
51 60
51 60
51 72
51 79
51 72
51 115
51 100
51 63
51 84
51 66
51 71
51 104
51 67
51 63
51 68
51 72
51 69
51 65
51 67
51 105
51 95
51 83
51 72
51 132
51 80
51 71
51 76
51 127
51 77
51 77
51 95
51 110
51 104
51 65
51 55
51 118
51 110
51 61
51 72
51 113
51 96
51 68
51 64
51 106
51 73
51 121
51 99
51 94
51 94
51 99
51 97
51 106
51 108
51 93
51 82
51 91
51 90
51 92
51 79
51 65
51 55
51 103
51 97
51 64
51 65
51 69
51 73
51 66
51 60
51 121
51 123
51 66
51 67
51 133
51 94
51 69
51 66
51 129
51 107
51 68
51 62
51 85
51 88
51 68
51 61
51 112
51 123
51 62
51 64
51 87
51 130
51 59
51 114
51 82
51 94
51 136
51 124
51 75
51 83
51 132
51 99
51 86
51 122
51 136
51 63
51 88
51 83
51 63
51 61
51 92
51 71
51 61
51 61
51 98
51 92
51 59
51 106
51 72
51 72
51 141
51 122
51 67
51 84
51 143
51 90
51 96
51 77
51 168
51 116
51 63
51 65
51 130
51 101
51 66
51 64
51 123
51 89
51 60
51 60
51 116
51 108
51 85
51 80
51 143
51 146
51 75
51 87
51 133
51 153
51 81
51 91
51 153
51 128
51 101
51 78
51 115
51 84
51 57
51 53
51 108
51 73
51 70
51 65
51 84
51 60
51 110
51 98
51 67
51 59
51 115
51 93
51 64
51 67
51 122
51 105
51 62
51 103
51 62
51 62
51 127
51 82
51 62
51 72
51 125
51 89
51 63
51 68
51 125
51 118
51 61
51 62
51 153
51 120
51 81
51 68
51 131
51 97
51 62
51 62
51 122
51 117
51 78
51 84
51 149
51 128
51 81
51 79
51 139
51 122
51 91
51 80
51 160
51 59
51 89
51 93
51 61
51 59
51 93
51 60
51 61
51 112
51 75
51 63
51 85
51 78
51 102
51 113
51 78
51 82
51 122
51 118
51 81
51 80
51 107
51 113
51 85
51 73
51 100
51 86
51 74
51 59
51 100
51 64
51 62
51 111
51 87
51 66
51 61
51 75
51 112
51 102
51 81
51 81
51 100
51 127
51 84
51 88
51 137
51 123
51 92
51 98
51 83
51 56
51 65
51 65
51 65
51 93
51 106
51 61
51 74
51 94
51 98
51 68
51 99
51 71
51 60
51 59
51 82
51 69
51 59
51 58
51 67
51 65
51 72
51 75
51 111
51 112
51 83
51 86
51 108
51 131
51 99
51 97
51 129
51 109
51 86
51 69
51 88
51 81
51 65
51 65
51 95
51 65
51 63
51 102
51 71
51 79
51 84
51 68
51 110
51 98
51 61
51 65
51 107
51 102
51 73
51 73
51 84
51 90
51 72
51 99
51 59
51 58
51 110
51 56
51 58
51 65
51 116
51 77
51 65
51 68
51 139
51 92
51 59
51 65
51 141
51 60
51 75
51 73
51 75
51 114
51 60
51 63
51 148
51 110
51 61
51 56
51 117
51 103
51 61
51 67
51 113
51 112
51 69
51 68
51 127
51 71
51 112
51 128
51 81
51 127
51 97
51 154
51 135
51 73
51 119
51 139
51 222
51 126
51 70
51 77
51 132
51 141
51 74
51 94
51 121
51 140
51 83
51 76
51 127
51 101
51 63
51 62
51 142
51 107
51 60
51 62
51 122
51 103
51 60
51 62
51 135
51 111
51 79
51 80
51 136
51 133
51 76
51 87
51 129
51 134
51 92
51 91
51 150
51 77
51 95
51 85
51 67
51 112
51 71
51 65
51 76
51 65
51 101
51 125
51 64
51 63
51 100
51 111
51 72
51 69
51 112
51 102
51 98
51 89
51 100
51 84
51 144
51 120
51 68
51 78
51 115
51 122
51 67
51 84
51 107
51 73
51 82
51 107
51 102
51 66
51 111
51 106
51 68
51 75
51 125
51 118
51 64
51 64
51 105
51 86
51 75
51 122
51 66
51 70
51 144
51 122
51 67
51 71
51 136
51 112
51 61
51 73
51 125
51 126
51 85
51 78
51 131
51 123
51 79
51 87
51 146
51 78
51 72
51 82
51 76
51 118
51 77
51 82
51 158
51 127
51 78
51 90
51 143
51 103
51 79
51 87
51 120
51 103
51 57
51 63
51 127
51 131
51 59
51 56
51 129
51 113
51 85
51 62
51 128
51 111
51 71
51 76
51 139
51 133
51 81
51 84
51 144
51 133
51 61
51 81
51 146
51 81
51 124
51 127
51 83
51 77
51 131
51 135
51 81
51 88
51 119
51 123
51 109
51 128
51 78
51 78
51 123
51 90
51 100
51 94
51 112
51 72
51 52
51 98
51 82
51 84
51 121
51 84
51 65
51 75
51 124
51 127
51 65
51 85
51 123
51 82
51 121
51 68
51 108
51 117
51 82
51 75
51 127
51 133
51 74
51 92
51 129
51 167
51 147
51 70
51 107
51 94
51 63
51 67
51 113
51 80
51 65
51 71
51 128
51 89
51 60
51 60
51 91
51 79
51 61
51 64
51 98
51 105
51 60
51 63
51 90
51 101
51 65
51 106
51 65
51 78
51 127
51 102
51 111
51 70
51 135
51 83
51 70
51 71
51 127
51 124
51 77
51 82
51 132
51 142
51 92
51 105
51 154
51 141
51 94
51 111
51 146
51 97
51 65
51 67
51 109
51 104
51 61
51 109
51 129
51 70
51 62
51 91
51 116
51 67
51 104
51 91
51 58
51 61
51 108
51 105
51 64
51 58
51 124
51 123
51 60
51 110
51 68
51 125
51 98
51 65
51 71
51 86
51 102
51 121
51 75
51 79
51 131
51 63
51 104
51 108
51 68
51 60
51 104
51 110
51 66
51 69
51 73
51 65
51 77
51 66
51 119
51 107
51 62
51 65
51 74
51 66
51 90
51 60
51 71
51 88
51 87
51 98
51 59
51 61
51 135
51 118
51 57
51 63
51 138
51 107
51 63
51 64
51 122
51 93
51 60
51 63
51 133
51 96
51 69
51 76
51 76
51 72
51 102
51 71
51 72
51 79
51 115
51 139
51 85
51 75
51 144
51 130
51 88
51 84
51 133
51 131
51 84
51 124
51 83
51 89
51 138
51 106
51 85
51 87
51 95
51 138
51 81
51 83
51 87
51 114
51 82
51 68
51 123
51 115
51 74
51 81
51 135
51 95
51 80
51 86
51 137
51 65
51 98
51 68
51 64
51 103
51 59
51 97
51 86
51 69
51 117
51 100
51 64
51 92
51 124
51 142
51 82
51 87
51 123
51 138
51 86
51 89
51 135
51 145
51 85
51 76
51 120
51 123
51 85
51 82
51 100
51 95
51 104
51 97
51 133
51 142
51 93
51 107
51 64
51 64
51 106
51 115
51 62
51 84
51 75
51 121
51 64
51 67
51 134
51 65
51 98
51 88
51 66
51 64
51 116
51 82
51 67
51 81
51 86
51 85
51 89
51 103
51 65
51 67
51 129
51 105
51 86
51 146
51 171
51 116
51 68
51 76
51 150
51 63
51 100
51 112
51 62
51 71
51 112
51 138
51 72
51 64
51 92
51 97
51 121
51 78
51 130
51 116
51 74
51 80
51 129
51 124
51 77
51 84
51 130
51 120
51 86
51 97
51 65
51 60
51 110
51 84
51 60
51 61
51 60
51 78
51 62
51 119
51 118
51 73
51 93
51 89
51 62
51 68
51 100
51 75
51 62
51 61
51 83
51 120
51 69
51 109
51 63
51 66
51 108
51 100
51 72
51 74
51 101
51 73
51 71
51 82
51 115
51 93
51 63
51 56
51 108
51 85
51 61
51 60
51 124
51 110
51 57
51 62
51 129
51 120
51 65
51 67
51 112
51 80
51 60
51 64
51 71
51 112
51 54
51 69
51 68
51 64
51 92
51 79
51 61
51 63
51 65
51 61
51 63
51 63
51 95
51 102
51 59
51 68
51 113
51 100
51 63
51 66
51 108
51 90
51 65
51 61
51 92
51 88
51 61
51 61
51 109
51 105
51 68
51 62
51 150
51 84
51 71
51 68
51 121
51 110
51 63
51 66
51 81
51 75
51 62
51 58
51 65
51 64
51 61
51 80
51 98
51 77
51 61
51 67
51 76
51 94
51 53
51 58
51 75
51 71
51 88
51 70
51 108
51 111
51 77
51 75
51 107
51 111
51 60
51 57
51 130
51 112
51 63
51 60
51 124
51 137
51 65
51 138
51 62
51 65
51 107
51 70
51 89
51 64
51 75
51 111
51 71
51 84
51 123
51 88
51 62
51 58
51 126
51 77
51 58
51 60
51 109
51 87
51 63
51 63
51 74
51 104
51 84
51 101
51 136
51 124
51 86
51 86
51 132
51 119
51 102
51 99
51 149
51 76
51 104
51 88
51 67
51 65
51 112
51 107
51 60
51 63
51 104
51 83
51 61
51 57
51 92
51 82
51 62
51 60
51 62
51 65
51 55
51 63
51 91
51 109
51 59
51 80
51 89
51 94
51 61
51 67
51 101
51 104
51 58
51 61
51 93
51 70
51 67
51 63
51 95
51 85
51 74
51 74
51 67
51 68
51 72
51 62
51 84
51 100
51 92
51 73
51 65
51 69
51 76
51 62
51 68
51 71
51 82
51 79
51 72
51 65
51 105
51 105
51 61
51 71
51 131
51 64
51 94
51 87
51 129
51 63
51 63
51 110
51 99
51 65
51 72
51 131
51 122
51 63
51 66
51 137
51 109
51 73
51 81
51 131
51 106
51 59
51 68
51 108
51 88
51 61
51 61
51 112
51 125
51 70
51 66
51 116
51 114
51 59
51 60
51 118
51 99
51 57
51 61
51 126
51 99
51 61
51 64
51 74
51 109
51 56
51 60
51 124
51 111
51 54
51 66
51 116
51 112
51 66
51 62
51 121
51 78
51 113
51 115
51 77
51 110
51 85
51 89
51 83
51 79
51 99
51 90
51 116
51 128
51 72
51 79
51 133
51 146
51 82
51 99
51 122
51 99
51 83
51 84
51 127
51 132
51 81
51 81
51 160
51 135
51 84
51 88
51 163
51 145
51 89
51 101
51 164
51 129
51 72
51 84
51 140
51 141
51 75
51 98
51 120
51 130
51 70
51 81
51 147
51 91
51 74
51 89
51 116
51 89
51 109
51 111
51 92
51 83
51 125
51 111
51 85
51 64
51 103
51 94
51 76
51 74
51 110
51 67
51 69
51 69
51 118
51 93
51 65
51 68
51 90
51 100
51 63
51 65
51 86
51 80
51 71
51 111
51 79
51 67
51 85
51 115
51 61
51 62
51 154
51 65
51 68
51 76
51 65
51 125
51 68
51 59
51 63
51 86
51 111
51 114
51 88
51 75
51 144
51 115
51 87
51 83
51 144
51 127
51 80
51 94
51 62
51 59
51 133
51 101
51 71
51 61
51 138
51 100
51 70
51 57
51 135
51 118
51 57
51 57
51 142
51 105
51 63
51 53
51 124
51 111
51 79
51 66
51 126
51 62
51 107
51 79
51 52
51 60
51 61
51 60
51 60
51 67
51 96
51 66
51 62
51 76
51 107
51 114
51 85
51 78
51 119
51 145
51 87
51 54
51 101
51 103
51 117
51 66
51 109
51 104
51 70
51 64
51 98
51 91
51 53
51 68
51 126
51 111
51 70
51 81
51 110
51 125
51 87
51 87
51 119
51 108
51 95
51 84
51 116
51 131
51 98
51 125
51 78
51 74
51 139
51 142
51 86
51 87
51 144
51 82
51 139
51 106
51 113
51 68
51 97
51 93
51 67
51 64
51 104
51 75
51 64
51 67
51 121
51 102
51 66
51 68
51 110
51 99
51 90
51 69
51 115
51 109
51 77
51 64
51 113
51 120
51 66
51 87
51 116
51 91
51 64
51 65
51 117
51 80
51 65
51 69
51 127
51 118
51 74
51 109
51 61
51 61
51 136
51 106
51 71
51 62
51 108
51 75
51 67
51 93
51 67
51 75
51 116
51 118
51 85
51 55
51 113
51 96
51 84
51 76
51 117
51 131
51 97
51 121
51 79
51 87
51 119
51 125
51 76
51 93
51 133
51 139
51 79
51 90
51 124
51 72
51 94
51 83
51 66
51 65
51 101
51 107
51 71
51 73
51 125
51 120
51 73
51 103
51 60
51 62
51 106
51 68
51 69
51 70
51 134
51 64
51 73
51 89
51 92
51 118
51 65
51 62
51 133
51 105
51 66
51 64
51 139
51 116
51 58
51 70
51 145
