1912 2
51 67
51 102
51 108
51 66
51 68
51 130
51 72
51 71
51 97
51 110
51 68
51 91
51 67
51 109
51 80
51 122
51 67
51 72
51 114
51 87
51 65
51 95
51 59
51 60
51 129
51 59
51 59
51 58
51 116
51 124
51 59
51 59
51 117
51 94
51 59
51 57
51 106
51 59
51 62
51 61
51 103
51 104
51 59
51 63
51 109
51 132
51 88
51 82
51 130
51 142
51 84
51 84
51 116
51 120
51 66
51 90
51 127
51 64
51 118
51 122
51 67
51 64
51 127
51 109
51 68
51 65
51 127
51 131
51 68
51 112
51 62
51 62
51 120
51 123
51 63
51 59
51 120
51 129
51 72
51 59
51 117
51 60
51 87
51 86
51 62
51 67
51 94
51 102
51 65
51 67
51 109
51 102
51 65
51 72
51 117
51 122
51 68
51 73
51 145
51 131
51 75
51 95
51 143
51 156
51 76
51 72
51 141
51 135
51 69
51 79
51 128
51 127
51 73
51 68
51 138
51 132
51 70
51 58
51 107
51 89
51 58
51 57
51 98
51 93
51 57
51 59
51 102
51 106
51 79
51 105
51 78
51 77
51 131
51 88
51 79
51 93
51 140
51 128
51 103
51 97
51 126
51 100
51 79
51 77
51 122
51 108
51 72
51 73
51 110
51 115
51 72
51 69
51 109
51 67
51 108
51 118
51 79
51 72
51 136
51 131
51 71
51 87
51 122
51 119
51 111
51 101
51 58
51 61
51 111
51 98
51 60
51 72
51 61
51 87
51 74
51 63
51 102
51 114
51 71
51 77
51 143
51 128
51 70
51 70
51 133
51 136
51 72
51 73
51 129
51 67
51 113
51 121
51 68
51 74
51 133
51 143
51 74
51 74
51 119
51 139
51 69
51 59
51 100
51 104
51 59
51 58
51 120
51 108
51 60
51 61
51 110
51 111
51 114
51 58
51 106
51 82
51 62
51 62
51 118
51 97
51 62
51 63
51 98
51 106
51 61
51 62
51 115
51 120
51 65
51 63
51 121
51 124
51 66
51 71
51 71
51 218
51 76
51 87
51 63
51 62
51 115
51 133
51 67
51 72
51 121
51 107
51 70
51 70
51 137
51 69
51 104
51 98
51 66
51 70
51 94
51 91
51 66
51 64
51 68
51 101
51 107
51 106
51 70
51 75
51 127
51 113
51 71
51 68
51 119
51 116
51 72
51 72
51 110
51 101
51 94
51 104
51 135
51 149
51 108
51 98
51 122
51 119
51 93
51 118
51 134
51 59
51 90
51 97
51 62
51 60
51 125
51 107
51 58
51 62
51 145
51 76
51 60
51 75
51 148
51 149
51 79
51 93
51 147
51 158
51 123
51 68
51 104
51 103
51 104
51 58
51 107
51 87
51 58
51 59
51 76
51 70
51 61
51 61
51 106
51 99
51 57
51 95
51 71
51 65
51 118
51 120
51 66
51 71
51 110
51 76
51 68
51 76
51 96
51 98
51 127
51 129
51 79
51 88
51 126
51 119
51 83
51 81
51 141
51 119
51 93
51 102
51 74
51 76
51 150
51 141
51 85
51 73
51 145
51 130
51 84
51 82
51 131
51 78
51 60
51 60
51 88
51 87
51 60
51 66
51 85
51 70
51 65
51 61
51 83
51 85
51 61
51 61
51 97
51 98
51 66
51 60
51 83
51 91
51 63
51 69
51 83
51 61
51 105
51 105
51 62
51 61
51 113
51 88
51 61
51 62
51 62
51 79
51 129
51 107
51 68
51 69
51 135
51 126
51 65
51 71
51 118
51 119
51 72
51 73
51 131
51 57
51 124
51 59
51 59
51 115
51 59
51 61
51 95
51 65
51 66
51 83
51 94
51 74
51 71
51 132
51 147
51 68
51 65
51 127
51 109
51 72
51 68
51 120
51 79
51 58
51 62
51 84
51 61
51 61
51 63
51 70
51 72
51 61
51 90
51 79
51 124
51 118
51 65
51 69
51 129
51 122
51 72
51 69
51 119
51 112
51 73
51 96
51 68
51 67
51 84
51 75
51 67
51 70
51 128
51 133
51 70
51 77
51 119
51 110
51 68
51 74
51 129
51 125
51 69
51 73
51 124
51 127
51 69
51 73
51 119
51 57
51 96
51 81
51 58
51 60
51 93
51 77
51 58
51 61
51 104
51 64
51 56
51 62
51 124
51 105
51 66
51 69
51 130
51 117
51 65
51 70
51 122
51 113
51 65
51 58
51 90
51 110
51 57
51 58
51 74
51 75
51 58
51 57
51 57
51 74
51 59
51 89
51 60
51 58
51 120
51 102
51 58
51 59
51 105
51 117
51 58
51 59
51 105
51 70
51 125
51 122
51 68
51 70
51 163
51 118
51 63
51 66
51 122
51 121
51 63
51 58
51 101
51 71
51 60
51 89
51 71
51 68
51 61
51 64
51 70
51 114
51 97
51 126
51 72
51 77
51 119
51 131
51 73
51 91
51 123
51 123
51 98
51 75
51 138
51 70
51 93
51 105
51 73
51 71
51 98
51 108
51 71
51 73
51 95
51 129
51 73
51 80
51 112
51 111
51 67
51 77
51 124
51 123
51 70
51 74
51 120
51 126
51 74
51 58
51 89
51 93
51 59
51 59
51 103
51 94
51 58
51 58
51 110
51 107
51 59
51 58
51 86
51 75
51 61
51 59
51 80
51 75
51 58
51 99
51 62
51 70
51 60
51 70
51 120
51 113
51 64
51 65
51 117
51 111
51 68
51 72
51 115
51 116
51 69
51 102
51 69
51 72
51 108
51 118
51 73
51 74
51 105
51 110
51 68
51 69
51 111
51 97
51 59
51 58
51 101
51 78
51 60
51 60
51 97
51 89
51 57
51 65
51 99
51 83
51 123
51 128
51 79
51 93
51 134
51 120
51 78
51 81
51 141
51 110
51 79
51 102
51 72
51 68
51 105
51 70
51 100
51 70
51 116
51 91
51 68
51 67
51 110
51 70
51 117
51 123
51 72
51 81
51 118
51 141
51 75
51 107
51 141
51 126
51 79
51 94
51 57
51 58
51 101
51 106
51 57
51 57
51 117
51 116
51 59
51 59
51 90
51 85
51 60
51 58
51 102
51 101
51 61
51 61
51 126
51 102
51 61
51 61
51 117
51 100
51 86
51 94
51 134
51 141
51 92
51 122
51 115
51 136
51 95
51 113
51 124
51 90
51 107
51 139
51 91
51 81
51 132
51 109
51 121
51 84
51 137
51 126
51 106
51 62
51 113
51 107
51 62
51 66
51 110
51 125
51 65
51 88
51 82
51 66
51 73
51 58
51 97
51 95
51 58
51 63
51 101
51 91
51 61
51 63
51 101
51 94
51 61
51 99
51 64
51 64
51 85
51 59
51 91
51 63
51 79
51 92
51 65
51 63
51 61
51 96
51 75
51 71
51 112
51 79
51 68
51 85
51 97
51 110
51 66
51 76
51 104
51 110
51 66
51 66
51 136
51 76
51 70
51 85
51 138
51 111
51 74
51 75
51 128
51 96
51 66
51 65
51 104
51 113
51 81
51 67
51 115
51 104
51 70
51 79
51 103
51 104
51 84
51 86
51 123
51 151
51 75
51 94
51 138
51 154
51 74
51 75
51 131
51 90
51 62
51 62
51 114
51 98
51 63
51 64
51 118
51 104
51 64
51 62
51 116
51 85
51 63
51 64
51 109
51 107
51 67
51 73
51 106
51 102
51 72
51 68
51 112
51 96
51 79
51 90
51 151
51 146
51 91
51 82
51 132
51 134
51 83
51 85
51 126
51 68
51 108
51 107
51 68
51 72
51 125
51 121
51 69
51 72
51 109
51 107
51 67
51 72
51 100
51 93
51 65
51 80
51 106
51 109
51 77
51 81
51 141
51 110
51 75
51 108
51 83
51 67
51 121
51 121
51 75
51 76
51 123
51 123
51 83
51 80
51 102
51 103
51 79
51 78
51 112
51 125
51 79
51 77
51 119
51 111
51 80
51 90
51 123
51 58
51 98
51 98
51 58
51 59
51 121
51 85
51 58
51 59
51 104
51 97
51 62
51 58
51 121
51 105
51 58
51 59
51 108
51 112
51 59
51 63
51 110
51 106
51 59
51 97
51 62
51 63
51 116
51 96
51 63
51 62
51 111
51 106
51 65
51 62
51 102
51 66
51 118
51 115
51 65
51 66
51 118
51 115
51 67
51 67
51 124
51 120
51 65
51 90
51 58
51 59
51 115
51 58
51 88
51 84
51 64
51 69
51 58
51 57
51 87
51 105
51 58
51 59
51 108
51 110
51 59
51 71
51 113
51 67
51 106
51 77
51 131
51 124
51 66
51 86
51 137
51 117
51 74
51 78
51 119
51 95
51 76
51 100
51 58
51 63
51 143
51 59
51 59
51 114
51 62
51 57
51 58
51 129
51 63
51 89
51 58
51 61
51 96
51 68
51 58
51 95
51 62
51 63
51 100
51 65
51 92
51 74
51 130
51 132
51 73
51 77
51 123
51 107
51 68
51 74
51 124
51 123
51 75
51 59
51 95
51 109
51 63
51 59
51 97
51 59
51 61
51 61
51 76
51 82
51 59
51 72
51 124
51 122
51 77
51 78
51 112
51 109
51 71
51 72
51 114
51 125
51 73
51 67
51 125
51 129
51 68
51 67
51 138
51 119
51 71
51 74
51 114
51 111
51 66
51 70
51 119
51 108
51 71
51 76
51 106
51 118
51 73
51 72
51 110
51 99
51 71
51 58
51 124
51 109
51 64
51 60
51 112
51 98
51 60
51 60
51 115
51 101
51 65
51 59
51 103
51 88
51 59
51 58
51 83
51 83
51 58
51 58
51 93
51 88
51 57
51 101
51 59
51 62
51 122
51 106
51 58
51 64
51 124
51 114
51 62
51 66
51 132
51 104
51 87
51 78
51 110
51 115
51 67
51 71
51 121
51 109
51 68
51 66
51 107
51 117
51 76
51 80
51 134
51 128
51 74
51 75
51 145
51 123
51 74
51 82
51 131
51 59
51 90
51 83
51 62
51 62
51 91
51 102
51 66
51 67
51 116
51 124
51 61
51 64
51 107
51 68
51 71
51 93
51 66
51 112
51 66
51 66
51 104
51 103
51 68
51 131
51 85
51 87
51 135
51 130
51 88
51 78
51 126
51 76
51 94
51 87
51 134
51 81
51 121
51 117
51 80
51 86
51 130
51 113
51 84
51 88
51 120
51 110
51 95
51 111
51 72
51 74
51 135
51 123
51 75
51 72
51 120
51 129
51 73
51 74
51 125
51 68
51 113
51 108
51 77
51 70
51 92
51 70
51 152
51 69
51 70
51 73
51 67
51 83
51 116
51 63
51 121
51 64
51 71
51 60
51 60
51 59
51 95
51 95
51 61
51 114
51 78
51 80
51 131
51 133
51 102
51 93
51 149
51 122
51 92
51 80
51 129
51 107
51 69
51 77
51 127
51 118
51 73
51 76
51 135
51 110
51 73
51 76
51 125
51 78
51 150
51 126
51 80
51 88
51 119
51 119
51 88
51 95
51 145
51 122
51 90
51 90
51 64
51 64
51 86
51 87
51 64
51 65
51 102
51 83
51 64
51 64
51 80
51 63
51 94
51 83
51 61
51 58
51 83
51 81
51 62
51 64
51 89
51 72
51 62
51 73
51 94
51 104
51 63
51 67
51 100
51 94
51 68
51 73
51 92
51 92
51 64
51 82
51 58
51 59
51 78
51 88
51 62
51 61
51 83
51 58
51 64
51 63
51 57
51 103
51 65
51 70
51 110
51 103
51 66
51 70
51 121
51 124
51 65
51 71
51 121
51 99
51 62
51 69
51 116
51 112
51 60
51 73
51 131
51 113
51 69
51 64
51 118
51 119
51 93
51 91
51 129
51 133
51 95
51 94
51 121
51 120
51 90
51 95
51 119
51 58
51 111
51 110
51 59
51 59
51 105
51 126
51 63
51 59
51 120
51 120
51 62
51 85
51 59
51 60
51 93
51 77
51 58
51 61
51 96
51 86
51 61
51 59
51 86
51 83
51 124
51 114
51 78
51 77
51 130
51 111
51 78
51 80
51 124
51 95
51 82
51 111
51 65
51 69
51 106
51 80
51 70
51 70
51 107
51 113
51 71
51 71
51 101
51 82
51 59
51 58
51 104
51 98
51 59
51 64
51 98
51 102
51 64
51 71
51 106
51 93
51 63
51 67
51 111
51 73
51 68
51 71
51 118
51 128
51 74
51 72
51 121
51 59
51 86
51 112
51 59
51 60
51 103
51 88
51 58
51 58
51 95
51 74
51 62
51 103
51 76
51 75
51 121
51 71
51 76
51 145
51 101
51 67
51 66
51 106
51 101
51 65
51 124
51 115
51 71
51 66
51 136
51 128
51 69
51 73
51 123
51 123
51 66
51 65
51 114
51 107
51 71
51 73
51 122
51 116
51 78
51 76
51 130
51 120
51 70
51 68
51 116
51 134
51 71
51 70
51 157
51 114
51 71
51 69
51 106
51 83
51 77
51 120
51 66
51 69
51 99
51 110
51 70
51 66
51 142
51 108
51 67
51 64
51 113
51 76
51 112
51 107
51 69
51 71
51 110
51 110
51 70
51 80
51 104
51 80
51 64
51 97
51 67
51 70
51 94
51 73
51 71
51 99
51 71
51 66
51 71
51 81
51 83
51 73
51 109
51 117
51 79
51 75
51 115
51 117
51 96
51 88
51 123
51 118
51 79
51 88
51 108
51 113
51 79
51 81
51 139
51 137
51 85
51 77
51 135
51 128
51 88
51 58
51 103
51 103
51 58
51 59
51 104
51 103
51 59
51 59
51 101
51 112
51 58
51 93
51 57
51 58
51 106
51 96
51 58
51 57
51 95
51 73
51 57
51 58
51 85
51 92
51 58
51 58
51 118
51 110
51 58
51 58
51 124
51 104
51 58
51 61
51 127
51 115
51 80
51 78
51 120
51 118
51 75
51 97
51 133
51 130
51 98
51 140
51 85
51 96
51 60
51 58
51 120
51 111
51 59
51 62
51 133
51 109
51 63
51 62
51 103
51 72
51 100
51 107
51 64
51 68
51 115
51 137
51 67
51 83
51 94
51 97
51 65
51 69
51 101
51 87
51 68
51 70
51 108
51 107
51 87
51 87
51 153
51 99
51 82
51 58
51 79
51 77
51 58
51 61
51 88
51 70
51 62
51 61
51 87
51 90
51 60
51 58
51 83
51 73
51 60
51 62
51 75
51 81
51 59
51 62
51 81
51 96
51 62
51 58
51 79
51 83
51 57
51 57
51 82
51 86
51 58
51 58
51 81
51 81
51 61
51 106
51 79
51 85
51 140
51 110
51 86
51 88
51 125
51 90
51 99
51 107
51 124
51 87
51 67
51 66
51 109
51 107
51 71
51 69
51 120
51 120
51 65
51 66
51 109
51 62
51 92
51 110
51 60
51 61
51 98
51 103
51 62
51 61
51 112
51 121
51 58
51 106
51 75
51 86
51 135
51 139
51 82
51 75
51 137
51 139
51 87
51 91
51 135
51 82
51 58
51 65
51 93
51 99
51 60
51 65
51 92
51 87
51 98
51 59
51 103
51 58
51 93
51 102
51 58
51 59
51 94
51 89
51 59
51 59
51 128
51 104
51 61
51 99
51 58
51 60
51 133
51 121
51 59
51 59
51 101
51 102
51 59
51 59
51 133
51 124
51 71
51 79
51 111
51 123
51 79
51 80
51 138
51 123
51 77
51 83
51 138
51 101
51 59
51 59
51 123
51 114
51 63
51 68
51 122
51 105
51 63
51 63
51 125
51 58
51 100
51 92
51 59
51 60
51 125
51 80
51 57
51 79
51 63
51 61
51 62
51 90
51 62
51 70
51 142
51 124
51 85
51 78
51 130
51 115
51 75
51 77
51 117
51 86
51 122
51 142
51 80
51 86
51 135
51 109
51 100
51 90
51 121
51 135
51 107
51 110
51 58
51 61
51 115
51 95
51 58
51 64
51 101
51 107
51 63
51 64
51 128
51 103
51 73
51 68
51 101
51 117
51 70
51 85
51 96
51 95
51 94
51 71
51 138
51 75
51 105
51 107
51 70
51 69
51 92
51 101
51 73
51 71
51 105
51 95
51 69
51 58
51 100
51 100
51 57
51 57
51 90
51 68
51 59
51 65
51 95
51 85
51 61
51 99
51 70
51 70
51 87
51 96
51 69
51 65
51 94
51 96
51 65
51 70
51 90
51 61
51 118
51 123
51 62
51 63
51 124
51 116
51 66
51 61
51 110
51 119
51 72
51 67
51 97
51 93
51 70
51 72
51 112
51 95
51 78
51 77
51 129
51 104
51 74
51 107
51 74
51 82
51 115
51 129
51 80
51 92
51 121
51 125
51 87
51 90
51 142
51 104
51 70
51 93
51 116
51 118
51 76
51 68
51 106
51 77
51 73
51 98
51 67
51 114
51 119
51 68
51 64
51 126
51 122
51 76
51 69
51 121
51 116
51 67
51 91
51 61
51 68
51 99
51 85
51 73
51 81
51 103
51 84
51 65
51 76
51 102
