1917 2
51 77
51 131
51 120
51 78
51 78
51 112
51 121
51 76
51 77
51 126
51 144
51 82
51 62
51 95
51 89
51 61
51 63
51 96
51 102
51 62
51 62
51 86
51 101
51 61
51 64
51 127
51 112
51 63
51 65
51 123
51 119
51 70
51 71
51 132
51 130
51 71
51 67
51 106
51 129
51 66
51 64
51 127
51 121
51 63
51 66
51 118
51 118
51 68
51 60
51 89
51 84
51 62
51 77
51 65
51 57
51 125
51 138
51 65
51 64
51 90
51 109
51 65
51 58
51 104
51 107
51 59
51 61
51 98
51 62
51 65
51 61
51 77
51 99
51 61
51 120
51 118
51 62
51 67
51 110
51 125
51 61
51 62
51 97
51 138
51 71
51 63
51 104
51 120
51 64
51 62
51 106
51 111
51 64
51 71
51 126
51 124
51 72
51 72
51 109
51 141
51 69
51 74
51 105
51 141
51 70
51 81
51 114
51 131
51 78
51 65
51 110
51 121
51 63
51 67
51 122
51 120
51 62
51 64
51 112
51 119
51 63
51 132
51 69
51 61
51 138
51 148
51 69
51 55
51 130
51 122
51 67
51 67
51 117
51 100
51 61
51 62
51 92
51 124
51 61
51 62
51 102
51 109
51 62
51 61
51 102
51 71
51 121
51 100
51 70
51 73
51 109
51 104
51 86
51 66
51 82
51 104
51 64
51 107
51 69
51 70
51 103
51 121
51 64
51 62
51 106
51 135
51 63
51 63
51 91
51 139
51 68
51 67
51 123
51 135
51 62
51 63
51 117
51 119
51 63
51 62
51 118
51 69
51 126
51 134
51 77
51 79
51 130
51 133
51 83
51 86
51 128
51 113
51 83
51 66
51 118
51 143
51 73
51 71
51 137
51 127
51 69
51 72
51 136
51 130
51 66
51 127
51 76
51 75
51 116
51 146
51 74
51 73
51 126
51 136
51 84
51 71
51 123
51 129
51 56
51 63
51 120
51 144
51 69
51 69
51 132
51 129
51 69
51 64
51 106
51 60
51 100
51 106
51 61
51 62
51 95
51 99
51 62
51 61
51 93
51 106
51 62
51 63
51 81
51 88
51 61
51 60
51 98
51 97
51 61
51 61
51 114
51 108
51 62
51 155
51 72
51 81
51 147
51 140
51 77
51 73
51 162
51 150
51 82
51 83
51 161
51 60
51 105
51 120
51 61
51 65
51 112
51 113
51 66
51 61
51 104
51 96
51 87
51 125
51 68
51 79
51 122
51 123
51 67
51 70
51 123
51 139
51 85
51 67
51 106
51 100
51 61
51 62
51 110
51 101
51 66
51 65
51 100
51 94
51 61
51 70
51 119
51 60
51 100
51 142
51 63
51 62
51 122
51 108
51 62
51 63
51 114
51 136
51 61
51 63
51 123
51 151
51 76
51 77
51 143
51 155
51 71
51 76
51 144
51 161
51 78
51 110
51 62
51 65
51 130
51 129
51 61
51 66
51 132
51 120
51 65
51 70
51 122
51 115
51 61
51 64
51 133
51 125
51 62
51 63
51 134
51 110
51 68
51 68
51 131
51 99
51 61
51 62
51 86
51 93
51 66
51 64
51 98
51 112
51 63
51 63
51 90
51 62
51 83
51 105
51 63
51 63
51 101
51 103
51 62
51 61
51 90
51 91
51 62
51 73
51 113
51 117
51 67
51 77
51 139
51 110
51 67
51 82
51 126
51 114
51 56
51 106
51 63
51 65
51 118
51 118
51 68
51 68
51 115
51 106
51 65
51 71
51 124
51 77
51 117
51 115
51 77
51 87
51 129
51 152
51 82
51 86
51 120
51 106
51 89
51 67
51 126
51 128
51 65
51 68
51 138
51 144
51 70
51 65
51 124
51 127
51 67
51 122
51 73
51 69
51 142
51 140
51 79
51 81
51 109
51 139
51 101
51 87
51 140
51 137
51 74
51 78
51 135
51 122
51 71
51 91
51 141
51 143
51 77
51 89
51 119
51 120
51 62
51 68
51 139
51 141
51 65
51 66
51 142
51 143
51 64
51 70
51 140
51 106
51 71
51 69
51 127
51 112
51 67
51 73
51 114
51 115
51 75
51 69
51 110
51 106
51 90
51 70
51 107
51 112
51 76
51 66
51 128
51 97
51 70
51 70
51 125
51 70
51 105
51 102
51 63
51 66
51 114
51 112
51 63
51 69
51 117
51 117
51 63
51 87
51 87
51 106
51 67
51 62
51 100
51 101
51 72
51 67
51 91
51 113
51 77
51 133
51 81
51 86
51 148
51 162
51 73
51 91
51 132
51 136
51 63
51 77
51 139
51 126
51 87
51 70
51 119
51 115
51 76
51 74
51 110
51 115
51 78
51 81
51 113
51 67
51 98
51 114
51 75
51 85
51 115
51 137
51 63
51 78
51 119
51 120
51 79
51 61
51 150
51 140
51 70
51 69
51 148
51 148
51 77
51 80
51 130
51 138
51 76
51 65
51 117
51 119
51 67
51 68
51 103
51 140
51 63
51 69
51 121
51 120
51 61
51 103
51 71
51 60
51 121
51 122
51 61
51 65
51 123
51 117
51 66
51 60
51 121
51 66
51 122
51 120
51 63
51 65
51 95
51 119
51 63
51 64
51 120
51 120
51 63
51 96
51 61
51 62
51 97
51 103
51 73
51 65
51 97
51 94
51 70
51 62
51 96
51 61
51 80
51 91
51 61
51 60
51 92
51 77
51 63
51 62
51 84
51 90
51 66
51 104
51 60
51 64
51 125
51 123
51 63
51 61
51 125
51 138
51 56
51 63
51 141
51 60
51 109
51 137
51 61
51 67
51 125
51 131
51 67
51 66
51 119
51 144
51 58
51 76
51 110
51 122
51 86
51 80
51 159
51 129
51 62
51 89
51 145
51 110
51 112
51 132
51 69
51 69
51 112
51 119
51 63
51 63
51 116
51 97
51 62
51 62
51 89
51 107
51 63
51 62
51 94
51 123
51 61
51 61
51 93
51 93
51 66
51 61
51 101
51 69
51 92
51 94
51 63
51 66
51 93
51 90
51 62
51 64
51 96
51 88
51 63
51 75
51 110
51 120
51 63
51 80
51 121
51 119
51 76
51 71
51 132
51 122
51 92
51 67
51 110
51 122
51 70
51 73
51 118
51 106
51 75
51 76
51 117
51 120
51 65
51 125
51 67
51 64
51 144
51 138
51 68
51 66
51 132
51 146
51 88
51 83
51 139
51 84
51 122
51 131
51 85
51 83
51 125
51 124
51 72
51 90
51 129
51 136
51 96
51 120
51 62
51 70
51 141
51 146
51 61
51 73
51 140
51 146
51 68
51 73
51 112
51 72
51 119
51 125
51 79
51 89
51 125
51 131
51 98
51 92
51 134
51 126
51 88
51 60
51 125
51 115
51 62
51 69
51 103
51 112
51 62
51 68
51 100
51 123
51 79
51 82
51 120
51 95
51 60
51 67
51 107
51 117
51 62
51 62
51 102
51 113
51 60
51 93
51 61
51 61
51 96
51 95
51 61
51 66
51 109
51 93
51 66
51 60
51 91
51 92
51 66
51 68
51 107
51 114
51 58
51 61
51 107
51 106
51 68
51 62
51 109
51 105
51 62
51 82
51 122
51 118
51 73
51 81
51 133
51 134
51 67
51 62
51 136
51 62
51 106
51 120
51 65
51 62
51 101
51 120
51 74
51 70
51 120
51 119
51 70
51 120
51 70
51 66
51 135
51 141
51 64
51 69
51 163
51 144
51 70
51 69
51 120
51 65
51 103
51 66
51 60
51 65
51 98
51 105
51 61
51 63
51 99
51 101
51 59
51 137
51 72
51 73
51 142
51 133
51 84
51 73
51 141
51 82
51 62
51 63
51 117
51 127
51 63
51 64
51 127
51 92
51 68
51 63
51 98
51 82
51 57
51 64
51 129
51 131
51 77
51 72
51 140
51 123
51 76
51 62
51 123
51 137
51 73
51 60
51 131
51 129
51 85
51 79
51 142
51 127
51 92
51 82
51 134
51 60
51 110
51 106
51 64
51 67
51 114
51 96
51 65
51 70
51 92
51 96
51 62
51 67
51 83
51 80
51 64
51 60
51 102
51 125
51 61
51 67
51 98
51 94
51 65
51 104
51 62
51 63
51 100
51 112
51 60
51 68
51 112
51 112
51 62
51 68
51 98
51 109
51 73
51 81
51 138
51 114
51 69
51 70
51 105
51 110
51 93
51 68
51 101
51 107
51 73
51 67
51 125
51 132
51 71
51 70
51 131
51 123
51 69
51 72
51 132
51 118
51 61
51 61
51 120
51 111
51 63
51 62
51 128
51 115
51 63
51 63
51 124
51 118
51 60
51 67
51 142
51 130
51 61
51 70
51 129
51 138
51 64
51 68
51 125
51 62
51 111
51 129
51 72
51 68
51 129
51 144
51 67
51 67
51 113
51 102
51 68
51 99
51 62
51 65
51 113
51 106
51 62
51 62
51 102
51 99
51 61
51 62
51 110
51 65
51 104
51 119
51 63
51 68
51 101
51 109
51 64
51 63
51 103
51 113
51 69
51 70
51 117
51 94
51 87
51 92
51 140
51 114
51 86
51 89
51 130
51 124
51 76
51 66
51 112
51 113
51 73
51 70
51 124
51 136
51 75
51 74
51 107
51 127
51 68
51 114
51 62
51 66
51 89
51 92
51 66
51 61
51 116
51 88
51 62
51 67
51 94
51 65
51 107
51 102
51 68
51 65
51 102
51 111
51 67
51 67
51 104
51 120
51 61
51 101
51 62
51 64
51 110
51 118
51 65
51 60
51 95
51 110
51 79
51 71
51 99
51 67
51 106
51 94
51 61
51 68
51 88
51 91
51 60
51 66
51 91
51 79
51 60
51 110
51 63
51 63
51 90
51 105
51 64
51 63
51 110
51 109
51 62
51 62
51 91
51 61
51 89
51 102
51 64
51 62
51 101
51 99
51 59
51 68
51 101
51 92
51 61
51 125
51 69
51 62
51 135
51 110
51 62
51 72
51 143
51 111
51 71
51 61
51 113
51 132
51 70
51 79
51 134
51 129
51 97
51 84
51 123
51 118
51 87
51 81
51 117
51 76
51 133
51 147
51 93
51 86
51 151
51 134
51 83
51 73
51 139
51 156
51 93
51 63
51 122
51 136
51 66
51 73
51 133
51 114
51 67
51 73
51 132
51 110
51 73
51 72
51 112
51 105
51 71
51 78
51 131
51 126
51 74
51 68
51 132
51 124
51 74
51 64
51 107
51 126
51 67
51 67
51 112
51 83
51 68
51 73
51 106
51 128
51 70
51 66
51 110
51 134
51 83
51 80
51 117
51 173
51 80
51 95
51 122
51 138
51 85
51 64
51 91
51 91
51 66
51 61
51 114
51 88
51 66
51 66
51 110
51 94
51 63
51 102
51 61
51 62
51 123
51 111
51 65
51 68
51 107
51 110
51 68
51 65
51 128
51 94
51 63
51 63
51 109
51 97
51 63
51 66
51 94
51 109
51 65
51 65
51 96
51 78
51 124
51 119
51 64
51 64
51 127
51 127
51 64
51 64
51 109
51 128
51 59
51 110
51 78
51 93
51 147
51 128
51 83
51 77
51 150
51 127
51 89
51 88
51 126
51 105
51 71
51 69
51 133
51 117
51 74
51 70
51 141
51 110
51 77
51 82
51 140
51 63
51 138
51 131
51 77
51 81
51 141
51 144
51 80
51 91
51 149
51 164
51 69
51 107
51 60
51 63
51 126
51 114
51 67
51 62
51 119
51 127
51 72
51 75
51 119
51 64
51 110
51 111
51 68
51 73
51 128
51 120
51 72
51 80
51 117
51 127
51 83
51 62
51 90
51 93
51 63
51 69
51 101
51 89
51 66
51 67
51 97
51 106
51 71
51 114
51 68
51 83
51 111
51 113
51 92
51 70
51 130
51 107
51 92
51 82
51 108
51 60
51 90
51 100
51 62
51 62
51 103
51 87
51 67
51 63
51 96
51 101
51 88
51 65
51 101
51 118
51 78
51 97
51 126
51 98
51 55
51 95
51 115
51 137
51 83
51 105
51 58
51 67
51 133
51 129
51 72
51 71
51 148
51 128
51 73
51 67
51 137
51 112
51 66
51 65
51 103
51 93
51 70
51 69
51 103
51 105
51 67
51 64
51 98
51 116
51 76
51 78
51 140
51 122
51 87
51 84
51 141
51 141
51 87
51 90
51 127
51 80
51 62
51 76
51 109
51 89
51 68
51 71
51 112
51 86
51 68
51 70
51 109
51 79
51 90
51 87
51 63
51 61
51 88
51 93
51 61
51 64
51 96
51 83
51 62
51 100
51 70
51 62
51 89
51 96
51 67
51 69
51 94
51 104
51 61
51 66
51 97
51 109
51 58
51 71
51 137
51 125
51 66
51 77
51 133
51 125
51 71
51 67
51 135
51 132
51 62
51 77
51 144
51 135
51 76
51 80
51 137
51 144
51 72
51 76
51 149
51 92
51 62
51 66
51 96
51 100
51 62
51 77
51 94
51 89
51 68
51 60
51 91
51 124
51 61
51 61
51 117
51 96
51 64
51 62
51 106
51 114
51 66
51 60
51 113
51 115
51 62
51 63
51 110
51 104
51 64
51 63
51 121
51 103
51 61
51 64
51 99
51 63
51 98
51 117
51 63
51 65
51 98
51 114
51 68
51 68
51 107
51 109
51 65
51 104
51 66
51 65
51 122
51 115
51 74
51 67
51 133
51 119
51 62
51 65
51 111
51 65
51 144
51 132
51 70
51 70
51 138
51 148
51 79
51 73
51 144
51 149
51 73
51 97
51 66
51 74
51 113
51 111
51 71
51 70
51 121
51 114
51 69
51 72
51 118
51 73
51 105
51 130
51 75
51 80
51 131
51 108
51 93
51 92
51 134
51 121
51 89
51 107
51 102
51 119
51 70
51 77
51 99
51 142
51 71
51 74
51 103
51 102
51 82
51 65
51 83
51 77
51 66
51 66
51 81
51 82
51 64
51 66
51 85
51 81
51 74
51 70
51 112
51 95
51 84
51 74
51 124
51 116
51 59
51 85
51 145
51 139
51 79
51 121
51 67
51 83
51 126
51 129
51 79
51 82
51 157
51 124
51 92
51 91
51 131
51 58
51 82
51 97
51 62
51 65
51 104
51 95
51 66
51 71
51 92
51 101
51 61
51 65
51 125
51 136
51 72
51 74
51 136
51 136
51 66
51 78
51 130
51 131
51 70
51 86
51 114
51 117
51 63
51 63
51 122
51 119
51 77
51 72
51 118
51 115
51 83
51 80
51 112
51 121
51 82
51 78
51 141
51 156
51 88
51 87
51 132
51 154
51 101
51 88
51 62
51 63
51 84
51 82
51 66
51 62
51 109
51 78
51 69
51 68
51 91
51 61
51 93
51 94
51 61
51 67
51 111
51 103
51 68
51 67
51 116
51 112
51 71
51 81
51 117
51 103
51 63
51 69
51 115
51 116
51 71
51 68
51 136
51 116
51 78
51 118
51 62
51 59
51 112
51 117
51 55
51 77
51 126
51 129
51 58
51 79
51 130
51 69
51 111
51 109
51 77
51 75
51 116
51 109
51 86
51 74
51 118
51 111
51 76
51 85
51 60
51 61
51 101
51 96
51 61
51 64
51 87
51 93
51 59
51 66
51 88
51 62
51 103
51 79
51 62
51 62
51 97
51 103
51 65
51 63
51 107
51 97
51 58
51 114
51 56
51 66
51 123
51 193
51 64
51 67
51 115
51 157
51 65
51 62
51 105
51 97
51 62
51 61
51 111
51 117
51 63
51 63
51 113
51 97
51 62
51 62
51 87
51 60
51 97
51 106
51 63
51 65
51 96
51 109
51 66
51 62
51 110
51 125
51 67
51 80
51 129
51 137
51 74
51 97
51 130
51 167
51 72
51 83
51 127
51 124
51 84
51 109
51 72
51 71
51 120
51 114
51 80
51 73
51 119
51 123
51 75
51 80
51 139
51 111
51 68
51 74
51 93
51 117
51 72
51 77
51 117
51 118
51 76
51 76
51 104
51 101
51 83
51 82
51 122
51 105
51 71
51 80
51 121
51 124
51 84
51 76
51 130
51 65
51 83
51 92
51 59
51 62
51 89
51 94
51 56
51 66
51 96
51 115
51 62
51 97
51 89
51 106
51 56
51 62
51 107
51 119
51 60
51 63
51 109
51 97
51 63
51 103
51 62
51 66
51 128
51 119
51 66
51 62
51 117
51 113
51 67
51 67
51 107
51 63
51 97
51 91
51 64
51 65
51 106
51 101
51 64
51 64
51 105
51 102
51 66
51 88
51 61
51 61
51 118
51 106
51 61
51 62
51 94
51 97
51 59
51 62
51 109
51 61
51 116
51 110
51 68
51 67
51 94
51 123
51 66
51 67
51 93
51 109
51 64
51 130
51 61
51 68
51 122
51 118
51 66
51 83
51 118
51 127
51 71
51 70
51 115
51 122
51 60
51 64
51 139
51 143
51 63
51 74
51 141
51 134
51 65
51 75
51 147
51 129
51 64
51 69
51 130
51 121
51 60
51 62
51 121
51 114
51 67
51 68
51 109
