1913 2
51 80
51 104
51 102
51 75
51 79
51 89
51 118
51 71
51 75
51 101
51 105
51 77
51 78
51 55
51 65
51 90
51 96
51 71
51 58
51 103
51 67
51 61
51 70
51 117
51 71
51 100
51 122
51 77
51 74
51 107
51 125
51 75
51 91
51 96
51 118
51 77
51 76
51 93
51 140
51 68
51 94
51 74
51 100
51 75
51 76
51 93
51 86
51 76
51 67
51 112
51 100
51 66
51 70
51 92
51 97
51 78
51 80
51 87
51 93
51 70
51 68
51 84
51 82
51 59
51 69
51 85
51 96
51 70
51 59
51 129
51 114
51 79
51 59
51 76
51 82
51 59
51 64
51 78
51 109
51 59
51 63
51 81
51 71
51 58
51 71
51 111
51 109
51 63
51 68
51 123
51 122
51 65
51 66
51 105
51 119
51 66
51 87
51 56
51 71
51 99
51 81
51 70
51 60
51 83
51 98
51 59
51 74
51 103
51 100
51 64
51 59
51 94
51 78
51 62
51 58
51 100
51 66
51 59
51 63
51 103
51 72
51 114
51 112
51 59
51 139
51 81
51 94
51 97
51 67
51 103
51 124
51 61
51 159
51 67
51 66
51 117
51 133
51 57
51 62
51 108
51 85
51 60
51 69
51 125
51 75
51 87
51 91
51 70
51 59
51 102
51 90
51 60
51 70
51 59
51 112
51 77
51 63
51 100
51 85
51 59
51 62
51 76
51 93
51 59
51 60
51 80
51 113
51 65
51 106
51 68
51 66
51 111
51 70
51 92
51 101
51 77
51 67
51 98
51 103
51 68
51 106
51 62
51 61
51 115
51 86
51 64
51 68
51 112
51 72
51 79
51 61
51 112
51 65
51 85
51 102
51 57
51 77
51 92
51 98
51 64
51 70
51 94
51 90
51 56
51 86
51 67
51 56
51 104
51 80
51 55
51 104
51 109
51 80
51 74
51 67
51 111
51 94
51 79
51 55
51 110
51 70
51 69
51 60
51 110
51 112
51 71
51 64
51 97
51 72
51 85
51 103
51 67
51 73
51 107
51 89
51 60
51 70
51 81
51 74
51 59
51 103
51 62
51 63
51 110
51 79
51 60
51 73
51 114
51 92
51 80
51 69
51 124
51 106
51 60
51 76
51 110
51 64
51 86
51 63
51 59
51 73
51 78
51 66
51 65
51 67
51 83
51 89
51 69
51 72
51 87
51 98
51 59
51 74
51 94
51 100
51 62
51 103
51 63
51 59
51 97
51 82
51 69
51 54
51 89
51 112
51 60
51 60
51 101
51 89
51 67
51 84
51 116
51 88
51 77
51 79
51 108
51 76
51 74
51 67
51 121
51 105
51 75
51 71
51 110
51 73
51 77
51 81
51 112
51 104
51 83
51 87
51 115
51 104
51 58
51 62
51 113
51 92
51 67
51 60
51 115
51 82
51 64
51 69
51 106
51 72
51 93
51 101
51 64
51 75
51 89
51 124
51 69
51 102
51 93
51 97
51 60
51 100
51 58
51 62
51 106
51 84
51 63
51 62
51 96
51 99
51 63
51 63
51 94
51 71
51 99
51 122
51 63
51 69
51 100
51 88
51 65
51 103
51 96
51 101
51 69
51 72
51 113
51 133
51 64
51 79
51 103
51 120
51 102
51 71
51 121
51 106
51 77
51 69
51 87
51 98
51 74
51 72
51 93
51 119
51 73
51 67
51 106
51 106
51 69
51 87
51 60
51 60
51 76
51 60
51 55
51 78
51 73
51 74
51 62
51 63
51 85
51 62
51 86
51 86
51 66
51 60
51 92
51 92
51 59
51 59
51 95
51 118
51 60
51 58
51 79
51 82
51 65
51 61
51 78
51 105
51 70
51 89
51 74
51 106
51 67
51 124
51 78
51 68
51 98
51 82
51 85
51 101
51 91
51 66
51 90
51 65
51 59
51 122
51 67
51 81
51 92
51 79
51 56
51 62
51 99
51 93
51 57
51 62
51 97
51 70
51 64
51 71
51 92
51 55
51 61
51 112
51 68
51 86
51 93
51 58
51 68
51 94
51 105
51 69
51 68
51 78
51 85
51 62
51 76
51 68
51 104
51 57
51 77
51 72
51 96
51 67
51 72
51 85
51 63
51 109
51 93
51 63
51 75
51 83
51 71
51 64
51 76
51 86
51 85
51 64
51 114
51 60
51 59
51 92
51 63
51 80
51 76
51 121
51 63
51 58
51 59
51 107
51 59
51 101
51 83
51 60
51 61
51 80
51 75
51 64
51 69
51 82
51 82
51 85
51 107
51 63
51 66
51 94
51 100
51 71
51 65
51 126
51 68
51 84
51 95
51 94
51 66
51 78
51 86
51 62
51 60
51 85
51 94
51 63
51 69
51 71
51 101
51 126
51 76
51 100
51 92
51 63
51 58
51 86
51 64
51 60
51 58
51 88
51 99
51 60
51 96
51 115
51 120
51 58
51 63
51 102
51 125
51 62
51 64
51 105
51 99
51 63
51 99
51 71
51 67
51 108
51 97
51 73
51 68
51 101
51 100
51 65
51 66
51 147
51 72
51 92
51 110
51 75
51 66
51 98
51 95
51 78
51 68
51 93
51 102
51 72
51 158
51 67
51 59
51 111
51 87
51 79
51 79
51 98
51 103
51 71
51 75
51 115
51 102
51 67
51 65
51 107
51 88
51 57
51 73
51 92
51 95
51 54
51 59
51 88
51 97
51 82
51 68
51 78
51 100
51 59
51 63
51 103
51 92
51 58
51 56
51 85
51 112
51 57
51 55
51 114
51 81
51 55
51 55
51 108
51 105
51 53
51 57
51 103
51 85
51 63
51 83
51 106
51 100
51 72
51 78
51 124
51 96
51 55
51 56
51 123
51 75
51 100
51 100
51 77
51 74
51 112
51 123
51 73
51 74
51 92
51 101
51 87
51 72
51 106
51 93
51 68
51 59
51 110
51 88
51 66
51 58
51 88
51 99
51 62
51 78
51 120
51 128
51 76
51 73
51 126
51 116
51 78
51 73
51 97
51 111
51 67
51 87
51 99
51 103
51 73
51 71
51 97
51 103
51 73
51 73
51 116
51 102
51 71
51 73
51 80
51 91
51 60
51 65
51 103
51 84
51 62
51 61
51 80
51 116
51 58
51 60
51 87
51 91
51 60
51 65
51 73
51 75
51 104
51 56
51 98
51 95
51 59
51 72
51 122
51 107
51 69
51 63
51 95
51 102
51 72
51 68
51 87
51 116
51 78
51 101
51 58
51 86
51 121
51 70
51 84
51 107
51 119
51 98
51 77
51 67
51 115
51 116
51 60
51 57
51 112
51 100
51 53
51 56
51 119
51 114
51 57
51 66
51 119
51 88
51 65
51 65
51 92
51 66
51 64
51 64
51 97
51 84
51 65
51 64
51 108
51 97
51 59
51 74
51 100
51 77
51 94
51 75
51 70
51 106
51 73
51 62
51 106
51 76
51 65
51 63
51 103
51 73
51 86
51 63
51 99
51 98
51 58
51 62
51 92
51 156
51 78
51 73
51 88
51 97
51 67
51 89
51 87
51 95
51 81
51 80
51 110
51 72
51 102
51 104
51 79
51 75
51 100
51 92
51 71
51 63
51 85
51 106
51 62
51 59
51 101
51 98
51 59
51 59
51 100
51 86
51 69
51 64
51 74
51 90
51 62
51 125
51 58
51 61
51 98
51 89
51 62
51 59
51 108
51 89
51 60
51 58
51 95
51 95
51 64
51 60
51 92
51 78
51 68
51 66
51 112
51 102
51 60
51 70
51 95
51 125
51 75
51 76
51 102
51 77
51 73
51 72
51 100
51 101
51 66
51 59
51 106
51 70
51 100
51 109
51 59
51 65
51 124
51 105
51 59
51 61
51 80
51 107
51 64
51 67
51 90
51 93
51 67
51 78
51 94
51 117
51 62
51 60
51 78
51 115
51 58
51 61
51 101
51 110
51 56
51 73
51 80
51 95
51 65
51 78
51 93
51 85
51 96
51 146
51 69
51 59
51 95
51 96
51 68
51 77
51 93
51 90
51 60
51 84
51 98
51 114
51 68
51 68
51 98
51 78
51 77
51 76
51 104
51 82
51 70
51 74
51 91
51 79
51 111
51 122
51 65
51 63
51 124
51 123
51 70
51 68
51 99
51 115
51 65
51 112
51 68
51 63
51 118
51 82
51 63
51 70
51 119
51 69
51 67
51 95
51 109
51 59
51 92
51 108
51 59
51 58
51 83
51 101
51 65
51 62
51 95
51 105
51 71
51 61
51 129
51 82
51 60
51 59
51 101
51 91
51 70
51 60
51 85
51 113
51 67
51 67
51 94
51 112
51 62
51 71
51 125
51 117
51 61
51 63
51 101
51 92
51 61
51 104
51 59
51 67
51 100
51 58
51 65
51 64
51 102
51 93
51 64
51 58
51 104
51 79
51 120
51 111
51 73
51 79
51 94
51 104
51 87
51 74
51 100
51 108
51 70
51 101
51 82
51 79
51 112
51 77
51 72
51 82
51 92
51 81
51 76
51 70
51 111
51 121
51 79
51 80
51 110
51 65
51 72
51 70
51 99
51 115
51 70
51 74
51 112
51 92
51 106
51 84
51 90
51 80
51 99
51 103
51 58
51 73
51 101
51 126
51 74
51 104
51 63
51 65
51 115
51 100
51 64
51 64
51 112
51 104
51 61
51 65
51 127
51 71
51 79
51 78
51 62
51 64
51 88
51 84
51 78
51 71
51 77
51 90
51 97
51 88
51 102
51 104
51 72
51 68
51 96
51 95
51 75
51 77
51 95
51 117
51 72
51 121
51 58
51 66
51 95
51 93
51 61
51 63
51 88
51 88
51 76
51 58
51 94
51 58
51 79
51 87
51 66
51 65
51 75
51 82
51 61
51 59
51 85
51 91
51 60
51 72
51 111
51 114
51 65
51 69
51 97
51 106
51 69
51 81
51 101
51 109
51 60
51 86
51 96
51 108
51 77
51 75
51 120
51 98
51 68
51 77
51 93
51 100
51 71
51 103
51 85
51 63
51 81
51 82
51 83
51 84
51 83
51 81
51 77
51 102
51 74
51 76
51 103
51 145
51 64
51 62
51 86
51 126
51 64
51 71
51 69
51 114
51 65
51 102
51 61
51 61
51 115
51 62
51 64
51 70
51 112
51 71
51 59
51 72
51 100
51 66
51 97
51 97
51 68
51 63
51 73
51 72
51 64
51 68
51 89
51 93
51 59
51 73
51 80
51 96
51 64
51 62
51 86
51 88
51 72
51 68
51 90
51 88
51 83
51 124
51 71
51 65
51 108
51 91
51 57
51 85
51 106
51 107
51 68
51 62
51 111
51 65
51 96
51 102
51 59
51 58
51 95
51 86
51 65
51 63
51 82
51 95
51 62
51 78
51 104
51 97
51 64
51 63
51 101
51 99
51 59
51 59
51 95
51 88
51 73
51 72
51 110
51 104
51 68
51 68
51 106
51 97
51 72
51 69
51 128
51 119
51 85
51 101
51 84
51 79
51 58
51 63
51 79
51 63
51 68
51 67
51 82
51 75
51 59
51 98
51 63
51 63
51 86
51 79
51 69
51 69
51 68
51 62
51 83
51 61
51 93
51 103
51 86
51 72
51 96
51 109
51 59
51 69
51 106
51 85
51 94
51 63
51 86
51 98
51 59
51 62
51 74
51 85
51 61
51 58
51 94
51 87
51 60
51 63
51 95
51 142
51 64
51 65
51 109
51 100
51 58
51 70
51 111
51 107
51 74
51 72
51 118
51 57
51 89
51 92
51 61
51 64
51 96
51 106
51 66
51 83
51 83
51 68
51 65
51 110
51 75
51 71
51 99
51 91
51 73
51 78
51 90
51 82
51 69
51 78
51 100
51 122
51 67
51 69
51 101
51 97
51 62
51 72
51 95
51 93
51 71
51 75
51 102
51 82
51 57
51 58
51 79
51 78
51 62
51 63
51 107
51 83
51 58
51 65
51 104
51 104
51 73
51 67
51 101
51 100
51 79
51 62
51 113
51 94
51 68
51 74
51 113
51 123
51 66
51 63
51 103
51 85
51 58
51 59
51 116
51 91
51 66
51 70
51 124
51 95
51 64
51 64
51 91
51 83
51 87
51 69
51 88
51 103
51 60
51 58
51 101
51 65
51 86
51 76
51 64
51 66
51 76
51 94
51 65
51 68
51 82
51 101
51 61
51 58
51 103
51 87
51 59
51 74
51 92
51 73
51 59
51 81
51 68
51 63
51 58
51 105
51 80
51 62
51 100
51 91
51 68
51 74
51 88
51 91
51 67
51 63
51 75
51 117
51 62
51 63
51 110
51 90
51 58
51 58
51 112
51 89
51 67
51 64
51 121
51 84
51 113
51 97
51 75
51 81
51 100
51 117
51 88
51 92
51 108
51 97
51 81
51 108
51 57
51 60
51 95
51 97
51 57
51 65
51 92
51 72
51 62
51 59
51 101
51 70
51 76
51 78
51 64
51 62
51 82
51 87
51 61
51 61
51 80
51 76
51 59
51 77
51 111
51 109
51 76
51 69
51 122
51 95
51 94
51 68
51 99
51 97
51 75
51 72
51 80
51 94
51 62
51 62
51 78
51 74
51 58
51 58
51 80
51 78
51 63
51 78
51 96
51 99
51 86
51 73
51 94
51 92
51 76
51 76
51 72
51 87
51 80
51 104
51 70
51 72
51 96
51 99
51 98
51 65
51 82
51 91
51 101
51 65
51 85
51 68
51 84
51 99
51 68
51 65
51 77
51 70
51 68
51 73
51 81
51 99
51 73
51 59
51 84
51 85
51 60
51 63
51 83
51 83
51 65
51 65
51 76
51 86
51 77
51 75
51 98
51 87
51 86
51 80
51 85
51 80
51 62
51 79
51 88
51 81
51 72
51 82
51 103
51 116
51 63
51 62
51 94
51 93
51 70
51 67
51 103
51 112
51 64
51 77
51 91
51 100
51 70
51 68
51 85
51 83
51 69
51 68
51 78
51 74
51 72
51 118
51 68
51 63
51 87
51 92
51 72
51 70
51 101
51 93
51 59
51 73
51 109
51 132
51 86
51 54
51 105
51 95
51 79
51 82
51 87
51 96
51 54
51 80
51 98
51 71
51 80
51 82
51 60
51 61
51 101
51 105
51 58
51 62
51 86
51 86
51 58
51 118
51 62
51 64
51 100
51 122
51 67
51 63
51 100
51 102
51 61
51 58
51 88
51 105
51 63
51 60
51 82
51 94
51 59
51 60
51 99
51 87
51 59
51 69
51 93
51 78
51 110
51 102
51 83
51 78
51 126
51 121
51 75
51 73
51 117
51 99
51 80
51 104
51 71
51 65
51 97
51 83
51 72
51 73
51 106
51 99
51 67
51 86
51 105
51 88
51 79
51 63
51 94
51 85
51 63
51 70
51 105
51 75
51 63
51 59
51 106
51 68
51 97
51 110
51 58
51 65
51 88
51 94
51 81
51 63
51 105
51 98
51 71
51 58
51 95
51 83
51 74
51 79
51 97
51 97
51 77
51 74
51 94
51 77
51 71
51 72
51 102
51 94
51 67
51 68
51 74
51 103
51 64
51 66
51 95
51 102
51 59
51 67
51 88
51 87
51 60
51 77
51 79
51 86
51 62
51 64
51 69
51 84
51 79
51 86
51 79
51 78
51 72
51 67
51 107
51 97
51 59
51 61
51 91
51 96
51 65
51 113
51 76
51 76
51 107
51 129
51 70
51 76
51 104
51 121
51 72
51 72
51 123
51 103
51 69
51 68
51 104
51 126
51 75
51 80
51 101
51 96
51 81
51 80
51 110
51 107
51 54
51 64
51 87
51 97
51 60
51 67
51 106
51 99
51 67
51 68
51 104
51 125
51 58
51 63
51 110
51 108
51 54
51 57
51 110
51 116
51 59
51 56
51 117
51 80
51 120
51 114
51 60
51 72
51 126
51 124
51 62
51 63
51 96
51 116
51 64
51 85
51 87
51 81
51 66
51 64
51 83
51 93
51 59
51 61
51 82
51 99
51 60
51 109
51 77
51 64
51 93
51 78
51 62
51 71
51 87
51 70
51 63
51 65
51 90
51 113
51 66
51 58
51 103
51 101
51 62
51 58
51 84
51 99
51 62
51 63
51 107
51 89
51 97
51 98
51 72
51 74
51 92
51 118
51 68
51 82
51 102
51 98
51 63
51 115
51 74
51 70
51 110
51 111
51 89
51 88
51 122
51 98
51 73
51 85
51 109
51 75
51 101
51 94
51 74
51 76
51 86
51 122
51 84
51 73
51 88
51 121
51 69
51 83
51 60
51 76
51 109
51 81
51 56
51 70
51 86
51 95
51 61
51 74
51 113
51 107
51 62
51 63
51 86
51 82
51 55
51 56
51 93
51 90
51 61
51 61
51 81
51 96
51 78
51 72
51 96
51 83
51 75
51 74
51 84
51 91
51 65
51 74
51 84
51 94
51 58
51 60
51 84
51 94
51 57
51 59
51 92
51 88
51 58
51 66
51 94
51 101
51 76
51 83
51 115
51 98
51 90
51 100
51 106
51 107
51 77
51 78
51 104
